1.920000e+00 -1.313864e-10
1.920100e+00 -1.379122e-10
1.920200e+00 -1.294536e-10
1.920300e+00 -1.252657e-10
1.920400e+00 -1.275596e-10
1.920500e+00 -1.249913e-10
1.920600e+00 -1.223533e-10
1.920700e+00 -1.217997e-10
1.920800e+00 -1.201166e-10
1.920900e+00 -1.212766e-10
1.921000e+00 -1.229011e-10
1.921100e+00 -1.166953e-10
1.921200e+00 -1.181507e-10
1.921300e+00 -1.172964e-10
1.921400e+00 -1.164823e-10
1.921500e+00 -1.119231e-10
1.921600e+00 -1.151057e-10
1.921700e+00 -1.142333e-10
1.921800e+00 -1.084116e-10
1.921900e+00 -1.100552e-10
1.922000e+00 -1.096021e-10
1.922100e+00 -1.043527e-10
1.922200e+00 -1.059011e-10
1.922300e+00 -1.044076e-10
1.922400e+00 -1.012666e-10
1.922500e+00 -1.020064e-10
1.922600e+00 -1.006618e-10
1.922700e+00 -9.376077e-11
1.922800e+00 -9.835945e-11
1.922900e+00 -9.826958e-11
1.923000e+00 -9.400454e-11
1.923100e+00 -9.316394e-11
1.923200e+00 -9.217871e-11
1.923300e+00 -9.380055e-11
1.923400e+00 -8.884497e-11
1.923500e+00 -8.603753e-11
1.923600e+00 -8.479181e-11
1.923700e+00 -8.909437e-11
1.923800e+00 -8.246356e-11
1.923900e+00 -8.579617e-11
1.924000e+00 -8.628871e-11
1.924100e+00 -8.150575e-11
1.924200e+00 -8.561712e-11
1.924300e+00 -8.050767e-11
1.924400e+00 -8.216825e-11
1.924500e+00 -8.108419e-11
1.924600e+00 -7.898734e-11
1.924700e+00 -7.430789e-11
1.924800e+00 -7.924181e-11
1.924900e+00 -7.686258e-11
1.925000e+00 -7.374633e-11
1.925100e+00 -7.601292e-11
1.925200e+00 -7.269172e-11
1.925300e+00 -7.019089e-11
1.925400e+00 -7.019374e-11
1.925500e+00 -6.921971e-11
1.925600e+00 -7.350916e-11
1.925700e+00 -7.111282e-11
1.925800e+00 -7.107688e-11
1.925900e+00 -7.191974e-11
1.926000e+00 -6.907389e-11
1.926100e+00 -6.736653e-11
1.926200e+00 -6.744499e-11
1.926300e+00 -6.588514e-11
1.926400e+00 -6.603108e-11
1.926500e+00 -6.299420e-11
1.926600e+00 -6.369216e-11
1.926700e+00 -6.067660e-11
1.926800e+00 -5.797753e-11
1.926900e+00 -5.763385e-11
1.927000e+00 -5.859747e-11
1.927100e+00 -5.881382e-11
1.927200e+00 -5.850796e-11
1.927300e+00 -5.656994e-11
1.927400e+00 -5.844268e-11
1.927500e+00 -5.903143e-11
1.927600e+00 -5.212416e-11
1.927700e+00 -5.307369e-11
1.927800e+00 -5.255931e-11
1.927900e+00 -5.668978e-11
1.928000e+00 -5.390985e-11
1.928100e+00 -4.973881e-11
1.928200e+00 -5.274536e-11
1.928300e+00 -4.626874e-11
1.928400e+00 -4.815332e-11
1.928500e+00 -4.783420e-11
1.928600e+00 -4.820780e-11
1.928700e+00 -4.886133e-11
1.928800e+00 -4.563336e-11
1.928900e+00 -4.651139e-11
1.929000e+00 -4.400295e-11
1.929100e+00 -4.309396e-11
1.929200e+00 -4.666690e-11
1.929300e+00 -4.639778e-11
1.929400e+00 -4.271383e-11
1.929500e+00 -4.435701e-11
1.929600e+00 -4.535231e-11
1.929700e+00 -3.915396e-11
1.929800e+00 -3.970708e-11
1.929900e+00 -4.141156e-11
1.930000e+00 -3.634122e-11
1.930100e+00 -3.947720e-11
1.930200e+00 -4.296104e-11
1.930300e+00 -4.099621e-11
1.930400e+00 -3.763957e-11
1.930500e+00 -3.747627e-11
1.930600e+00 -3.881588e-11
1.930700e+00 -3.643441e-11
1.930800e+00 -3.880470e-11
1.930900e+00 -3.495264e-11
1.931000e+00 -3.791902e-11
1.931100e+00 -3.251494e-11
1.931200e+00 -3.645981e-11
1.931300e+00 -3.375230e-11
1.931400e+00 -3.471530e-11
1.931500e+00 -3.362261e-11
1.931600e+00 -3.515621e-11
1.931700e+00 -3.310695e-11
1.931800e+00 -3.035705e-11
1.931900e+00 -3.108560e-11
1.932000e+00 -2.835900e-11
1.932100e+00 -3.081604e-11
1.932200e+00 -2.730580e-11
1.932300e+00 -2.938996e-11
1.932400e+00 -3.191458e-11
1.932500e+00 -2.959312e-11
1.932600e+00 -3.040877e-11
1.932700e+00 -2.672428e-11
1.932800e+00 -3.164395e-11
1.932900e+00 -2.507142e-11
1.933000e+00 -2.973693e-11
1.933100e+00 -2.308135e-11
1.933200e+00 -2.636501e-11
1.933300e+00 -2.566423e-11
1.933400e+00 -2.890084e-11
1.933500e+00 -2.320401e-11
1.933600e+00 -2.271674e-11
1.933700e+00 -2.232727e-11
1.933800e+00 -2.272679e-11
1.933900e+00 -2.425476e-11
1.934000e+00 -2.426042e-11
1.934100e+00 -2.171952e-11
1.934200e+00 -2.427122e-11
1.934300e+00 -2.590011e-11
1.934400e+00 -2.441586e-11
1.934500e+00 -2.343361e-11
1.934600e+00 -2.412771e-11
1.934700e+00 -1.676303e-11
1.934800e+00 -1.907532e-11
1.934900e+00 -2.216503e-11
1.935000e+00 -2.095821e-11
1.935100e+00 -2.146729e-11
1.935200e+00 -2.121337e-11
1.935300e+00 -2.209500e-11
1.935400e+00 -2.367845e-11
1.935500e+00 -1.945633e-11
1.935600e+00 -2.468267e-11
1.935700e+00 -1.916193e-11
1.935800e+00 -2.019470e-11
1.935900e+00 -1.898241e-11
1.936000e+00 -1.319500e-11
1.936100e+00 -1.819818e-11
1.936200e+00 -2.171312e-11
1.936300e+00 -1.792974e-11
1.936400e+00 -1.345223e-11
1.936500e+00 -1.640455e-11
1.936600e+00 -1.584533e-11
1.936700e+00 -1.644083e-11
1.936800e+00 -1.678036e-11
1.936900e+00 -1.609077e-11
1.937000e+00 -1.720950e-11
1.937100e+00 -1.601474e-11
1.937200e+00 -1.331628e-11
1.937300e+00 -1.871108e-11
1.937400e+00 -1.435321e-11
1.937500e+00 -1.188612e-11
1.937600e+00 -1.313030e-11
1.937700e+00 -1.558801e-11
1.937800e+00 -1.530607e-11
1.937900e+00 -1.150205e-11
1.938000e+00 -1.350531e-11
1.938100e+00 -1.542086e-11
1.938200e+00 -1.397365e-11
1.938300e+00 -1.313670e-11
1.938400e+00 -1.553855e-11
1.938500e+00 -1.243545e-11
1.938600e+00 -1.037607e-11
1.938700e+00 -1.709945e-11
1.938800e+00 -9.134194e-12
1.938900e+00 -1.169527e-11
1.939000e+00 -1.184370e-11
1.939100e+00 -1.006204e-11
1.939200e+00 -1.254165e-11
1.939300e+00 -1.134158e-11
1.939400e+00 -1.205569e-11
1.939500e+00 -1.286902e-11
1.939600e+00 -1.117109e-11
1.939700e+00 -1.127379e-11
1.939800e+00 -1.404825e-11
1.939900e+00 -1.405692e-11
1.940000e+00 -6.940394e-12
1.940100e+00 -1.323858e-11
1.940200e+00 -1.178337e-11
1.940300e+00 -1.126825e-11
1.940400e+00 -9.555596e-12
1.940500e+00 -8.675334e-12
1.940600e+00 -1.195791e-11
1.940700e+00 -1.123794e-11
1.940800e+00 -1.001879e-11
1.940900e+00 -5.602533e-12
1.941000e+00 -6.962258e-12
1.941100e+00 -3.629553e-12
1.941200e+00 -9.827238e-12
1.941300e+00 -1.062484e-11
1.941400e+00 -7.397673e-12
1.941500e+00 -7.457002e-12
1.941600e+00 -7.496503e-12
1.941700e+00 -2.971187e-12
1.941800e+00 -4.543465e-12
1.941900e+00 -7.841758e-12
1.942000e+00 -6.703400e-12
1.942100e+00 -5.317664e-12
1.942200e+00 -6.415474e-12
1.942300e+00 -1.115860e-11
1.942400e+00 -7.545882e-12
1.942500e+00 -5.743733e-12
1.942600e+00 -7.725173e-12
1.942700e+00 -6.605139e-12
1.942800e+00 -8.062646e-12
1.942900e+00 -7.924462e-12
1.943000e+00 -9.982872e-13
1.943100e+00 -2.279341e-12
1.943200e+00 -3.987322e-12
1.943300e+00 -6.932250e-12
1.943400e+00 -5.271860e-12
1.943500e+00 -6.726831e-12
1.943600e+00 -1.539124e-12
1.943700e+00 -7.766958e-12
1.943800e+00 -5.770037e-12
1.943900e+00 -3.504110e-12
1.944000e+00 -7.907609e-12
1.944100e+00 -5.120206e-12
1.944200e+00 -5.567545e-12
1.944300e+00 -5.064200e-12
1.944400e+00 -6.583583e-12
1.944500e+00 -6.111661e-12
1.944600e+00 -7.788806e-12
1.944700e+00 -8.435795e-12
1.944800e+00 -5.367281e-13
1.944900e+00 -2.751009e-12
1.945000e+00 -4.087024e-12
1.945100e+00 -8.894916e-12
1.945200e+00 -4.804675e-12
1.945300e+00 -1.423948e-12
1.945400e+00 -2.919033e-12
1.945500e+00 -4.474616e-12
1.945600e+00 -1.028410e-12
1.945700e+00 -1.870301e-12
1.945800e+00 -8.856646e-12
1.945900e+00 -4.904737e-12
1.946000e+00 -3.433839e-12
1.946100e+00 -3.681322e-12
1.946200e+00 -5.633869e-12
1.946300e+00 -1.730066e-12
1.946400e+00 -2.637569e-12
1.946500e+00 -8.047298e-12
1.946600e+00 -1.691280e-12
1.946700e+00 -4.564587e-12
1.946800e+00 -5.659990e-12
1.946900e+00 -1.136353e-12
1.947000e+00 6.992162e-13
1.947100e+00 -5.780639e-12
1.947200e+00 -7.030673e-12
1.947300e+00 1.667040e-12
1.947400e+00 -4.167369e-12
1.947500e+00 1.265401e-12
1.947600e+00 2.868701e-13
1.947700e+00 -5.716994e-12
1.947800e+00 -3.598354e-12
1.947900e+00 -5.980336e-12
1.948000e+00 -3.317113e-12
1.948100e+00 -3.199701e-12
1.948200e+00 -4.446634e-12
1.948300e+00 -4.189557e-12
1.948400e+00 -5.736293e-12
1.948500e+00 -4.838232e-12
1.948600e+00 -5.970846e-12
1.948700e+00 -4.280262e-12
1.948800e+00 -4.080522e-12
1.948900e+00 -5.340487e-12
1.949000e+00 -4.125852e-12
1.949100e+00 -2.126369e-12
1.949200e+00 3.647062e-12
1.949300e+00 -2.737824e-12
1.949400e+00 -3.061235e-12
1.949500e+00 -3.506567e-13
1.949600e+00 -5.144364e-12
1.949700e+00 8.233749e-14
1.949800e+00 -3.248146e-12
1.949900e+00 -4.873293e-12
1.950000e+00 6.201763e-13
1.950100e+00 -1.502276e-12
1.950200e+00 -6.219970e-12
1.950300e+00 -1.706859e-13
1.950400e+00 1.876129e-12
1.950500e+00 -2.630034e-12
1.950600e+00 -2.908796e-12
1.950700e+00 -5.706524e-13
1.950800e+00 -1.636031e-12
1.950900e+00 -1.898154e-12
1.951000e+00 2.150267e-13
1.951100e+00 1.754760e-12
1.951200e+00 -6.302425e-12
1.951300e+00 -1.233028e-12
1.951400e+00 -2.655807e-12
1.951500e+00 -1.880252e-12
1.951600e+00 -5.607935e-12
1.951700e+00 -3.985339e-12
1.951800e+00 -4.549373e-12
1.951900e+00 -1.165057e-12
1.952000e+00 -1.761587e-12
1.952100e+00 -1.926476e-12
1.952200e+00 -1.325889e-12
1.952300e+00 -4.371518e-12
1.952400e+00 2.862293e-12
1.952500e+00 -4.070981e-12
1.952600e+00 3.235954e-12
1.952700e+00 -9.444436e-13
1.952800e+00 -2.135139e-12
1.952900e+00 -2.925110e-12
1.953000e+00 -2.990965e-12
1.953100e+00 -2.426795e-12
1.953200e+00 3.251931e-12
1.953300e+00 -1.206504e-12
1.953400e+00 -2.826700e-12
1.953500e+00 -5.966930e-13
1.953600e+00 -8.069165e-13
1.953700e+00 -9.490811e-13
1.953800e+00 1.068066e-12
1.953900e+00 5.878709e-13
1.954000e+00 -2.133364e-12
1.954100e+00 -5.921721e-13
1.954200e+00 4.125206e-13
1.954300e+00 2.328601e-12
1.954400e+00 -1.589931e-12
1.954500e+00 2.601080e-12
1.954600e+00 -1.234244e-12
1.954700e+00 3.475586e-13
1.954800e+00 -2.070585e-12
1.954900e+00 -1.990113e-12
1.955000e+00 -2.330123e-12
1.955100e+00 5.736200e-13
1.955200e+00 -1.590034e-12
1.955300e+00 -1.015725e-13
1.955400e+00 -8.846531e-13
1.955500e+00 -1.722582e-12
1.955600e+00 -8.157579e-13
1.955700e+00 -5.675255e-12
1.955800e+00 -3.552800e-12
1.955900e+00 -4.597666e-13
1.956000e+00 3.177725e-12
1.956100e+00 -6.003307e-13
1.956200e+00 -2.159185e-12
1.956300e+00 1.604181e-12
1.956400e+00 1.142946e-12
1.956500e+00 1.059838e-12
1.956600e+00 -1.688305e-12
1.956700e+00 1.671992e-12
1.956800e+00 2.813770e-12
1.956900e+00 6.661678e-13
1.957000e+00 1.416295e-12
1.957100e+00 1.156384e-12
1.957200e+00 2.346810e-12
1.957300e+00 -9.797867e-13
1.957400e+00 -3.081612e-12
1.957500e+00 -2.082645e-12
1.957600e+00 2.489477e-13
1.957700e+00 -1.277530e-12
1.957800e+00 1.083184e-12
1.957900e+00 2.418079e-12
1.958000e+00 -1.714009e-12
1.958100e+00 8.569814e-13
1.958200e+00 -5.719021e-12
1.958300e+00 -9.784362e-13
1.958400e+00 2.511560e-12
1.958500e+00 -4.451176e-12
1.958600e+00 1.917584e-14
1.958700e+00 1.210118e-12
1.958800e+00 -9.798391e-13
1.958900e+00 2.951803e-12
1.959000e+00 -5.524416e-12
1.959100e+00 5.310400e-12
1.959200e+00 -7.247061e-13
1.959300e+00 2.913045e-12
1.959400e+00 -6.379856e-13
1.959500e+00 2.304515e-12
1.959600e+00 -2.775060e-13
1.959700e+00 -2.107562e-12
1.959800e+00 1.449149e-12
1.959900e+00 3.135866e-12
1.960000e+00 2.072998e-12
1.960100e+00 -2.512984e-13
1.960200e+00 1.913716e-12
1.960300e+00 8.507221e-14
1.960400e+00 2.521640e-12
1.960500e+00 1.353176e-12
1.960600e+00 -6.764431e-13
1.960700e+00 5.429204e-13
1.960800e+00 3.243226e-12
1.960900e+00 4.235347e-12
1.961000e+00 -1.995092e-13
1.961100e+00 -4.869385e-13
1.961200e+00 -2.183664e-12
1.961300e+00 -1.119771e-12
1.961400e+00 -2.461457e-12
1.961500e+00 -1.312674e-12
1.961600e+00 3.388445e-13
1.961700e+00 1.202508e-12
1.961800e+00 7.965844e-13
1.961900e+00 6.036342e-15
1.962000e+00 -2.485971e-12
1.962100e+00 -9.414140e-13
1.962200e+00 -6.347696e-13
1.962300e+00 -8.789933e-15
1.962400e+00 1.295696e-12
1.962500e+00 -6.840490e-13
1.962600e+00 -3.858585e-12
1.962700e+00 -2.204500e-12
1.962800e+00 -1.495073e-12
1.962900e+00 3.344597e-13
1.963000e+00 -8.953047e-14
1.963100e+00 -4.215533e-12
1.963200e+00 -1.076458e-12
1.963300e+00 2.581365e-12
1.963400e+00 -2.639447e-12
1.963500e+00 -2.782373e-12
1.963600e+00 -1.383115e-12
1.963700e+00 -2.284019e-12
1.963800e+00 2.198546e-12
1.963900e+00 -5.115790e-12
1.964000e+00 2.492817e-12
1.964100e+00 5.331028e-13
1.964200e+00 2.276192e-12
1.964300e+00 -2.088118e-12
1.964400e+00 2.446308e-12
1.964500e+00 2.088347e-13
1.964600e+00 -2.668672e-12
1.964700e+00 2.656395e-12
1.964800e+00 -8.535054e-13
1.964900e+00 3.933369e-13
1.965000e+00 -8.488183e-14
1.965100e+00 6.410252e-13
1.965200e+00 1.732026e-12
1.965300e+00 -2.760639e-12
1.965400e+00 -1.776167e-12
1.965500e+00 1.253497e-12
1.965600e+00 -4.268618e-13
1.965700e+00 -2.594203e-12
1.965800e+00 -3.453555e-12
1.965900e+00 1.837068e-12
1.966000e+00 -1.775853e-13
1.966100e+00 1.325863e-12
1.966200e+00 2.337684e-12
1.966300e+00 1.000514e-12
1.966400e+00 4.651866e-12
1.966500e+00 1.321930e-12
1.966600e+00 3.549690e-12
1.966700e+00 1.771092e-12
1.966800e+00 -6.932645e-13
1.966900e+00 -2.057718e-12
1.967000e+00 -4.531755e-12
1.967100e+00 4.799649e-12
1.967200e+00 -3.657806e-13
1.967300e+00 6.618689e-13
1.967400e+00 -3.713460e-12
1.967500e+00 2.563953e-12
1.967600e+00 3.259672e-12
1.967700e+00 -7.210259e-13
1.967800e+00 3.078401e-12
1.967900e+00 -4.174493e-12
1.968000e+00 1.335574e-12
1.968100e+00 -1.067007e-12
1.968200e+00 2.202942e-12
1.968300e+00 2.610126e-12
1.968400e+00 -2.198506e-12
1.968500e+00 2.573667e-12
1.968600e+00 -3.157095e-12
1.968700e+00 -1.399953e-12
1.968800e+00 8.010915e-13
1.968900e+00 1.212084e-14
1.969000e+00 3.276068e-13
1.969100e+00 -5.930412e-14
1.969200e+00 5.245676e-12
1.969300e+00 9.516333e-13
1.969400e+00 -5.542167e-13
1.969500e+00 1.952789e-12
1.969600e+00 -2.363723e-12
1.969700e+00 6.560394e-13
1.969800e+00 -1.667786e-12
1.969900e+00 4.327019e-12
1.970000e+00 5.330470e-13
1.970100e+00 2.241780e-12
1.970200e+00 -4.675931e-12
1.970300e+00 -2.514082e-12
1.970400e+00 -3.016533e-13
1.970500e+00 -1.662515e-12
1.970600e+00 -1.093789e-13
1.970700e+00 -4.372817e-13
1.970800e+00 -1.792074e-14
1.970900e+00 -1.793540e-12
1.971000e+00 -1.057793e-12
1.971100e+00 2.557499e-12
1.971200e+00 -2.201961e-12
1.971300e+00 5.821908e-12
1.971400e+00 -2.493295e-12
1.971500e+00 2.477811e-12
1.971600e+00 4.129974e-13
1.971700e+00 -1.636281e-12
1.971800e+00 6.115200e-13
1.971900e+00 8.210807e-13
1.972000e+00 2.775166e-12
1.972100e+00 -1.706668e-12
1.972200e+00 4.896727e-12
1.972300e+00 1.168348e-13
1.972400e+00 -4.805409e-13
1.972500e+00 -3.047518e-12
1.972600e+00 -3.502762e-12
1.972700e+00 5.743029e-12
1.972800e+00 2.706526e-12
1.972900e+00 -1.373730e-12
1.973000e+00 4.774101e-12
1.973100e+00 2.733382e-12
1.973200e+00 1.819175e-12
1.973300e+00 -1.407763e-12
1.973400e+00 -7.092314e-13
1.973500e+00 1.884011e-12
1.973600e+00 3.811016e-12
1.973700e+00 7.464175e-13
1.973800e+00 -3.750998e-12
1.973900e+00 1.539312e-12
1.974000e+00 -4.893593e-12
1.974100e+00 -2.116636e-12
1.974200e+00 1.100414e-12
1.974300e+00 -5.477188e-14
1.974400e+00 4.100683e-13
1.974500e+00 8.876247e-13
1.974600e+00 9.240650e-13
1.974700e+00 -1.362372e-12
1.974800e+00 -3.013686e-13
1.974900e+00 -7.424633e-13
1.975000e+00 -3.799947e-12
1.975100e+00 8.948361e-13
1.975200e+00 -2.304147e-12
1.975300e+00 8.526579e-13
1.975400e+00 -2.524574e-12
1.975500e+00 -3.062460e-12
1.975600e+00 -2.359511e-12
1.975700e+00 4.418471e-12
1.975800e+00 1.252994e-13
1.975900e+00 4.595240e-12
1.976000e+00 -1.614651e-12
1.976100e+00 3.080271e-12
1.976200e+00 -1.394803e-13
1.976300e+00 -1.755860e-12
1.976400e+00 1.716224e-12
1.976500e+00 6.492939e-13
1.976600e+00 1.962170e-12
1.976700e+00 1.346865e-13
1.976800e+00 5.296579e-12
1.976900e+00 -3.403643e-12
1.977000e+00 1.758131e-12
1.977100e+00 -2.928843e-12
1.977200e+00 1.785131e-12
1.977300e+00 -1.792839e-12
1.977400e+00 -7.538375e-13
1.977500e+00 -5.085533e-12
1.977600e+00 3.226416e-13
1.977700e+00 -3.446662e-12
1.977800e+00 -3.466288e-12
1.977900e+00 -1.165487e-12
1.978000e+00 5.768724e-12
1.978100e+00 -1.569594e-12
1.978200e+00 -3.376047e-12
1.978300e+00 2.759686e-12
1.978400e+00 3.423898e-12
1.978500e+00 -2.958802e-12
1.978600e+00 3.774913e-12
1.978700e+00 1.533717e-12
1.978800e+00 2.898498e-12
1.978900e+00 -1.225073e-12
1.979000e+00 -1.789427e-12
1.979100e+00 -3.887655e-12
1.979200e+00 1.256561e-12
1.979300e+00 -5.898849e-12
1.979400e+00 -1.773898e-12
1.979500e+00 -2.584013e-12
1.979600e+00 -8.847072e-13
1.979700e+00 -4.389438e-12
1.979800e+00 -3.449764e-12
1.979900e+00 -4.249938e-13
1.980000e+00 2.470197e-12
1.980100e+00 2.490486e-12
1.980200e+00 3.451159e-12
1.980300e+00 6.458029e-13
1.980400e+00 1.107261e-12
1.980500e+00 -1.156628e-12
1.980600e+00 -1.726306e-13
1.980700e+00 4.962724e-13
1.980800e+00 4.074842e-12
1.980900e+00 1.097320e-12
1.981000e+00 -2.781875e-12
1.981100e+00 4.206693e-12
1.981200e+00 -2.057543e-12
1.981300e+00 -1.856494e-12
1.981400e+00 -2.804205e-12
1.981500e+00 1.145492e-12
1.981600e+00 -2.287577e-12
1.981700e+00 7.808774e-13
1.981800e+00 3.886134e-13
1.981900e+00 1.024573e-12
1.982000e+00 -1.801492e-12
1.982100e+00 2.324631e-12
1.982200e+00 -7.108562e-13
1.982300e+00 -3.807570e-12
1.982400e+00 -1.070158e-12
1.982500e+00 1.823738e-12
1.982600e+00 8.062267e-13
1.982700e+00 2.323165e-12
1.982800e+00 1.133129e-12
1.982900e+00 -2.788289e-12
1.983000e+00 -4.247149e-12
1.983100e+00 1.872050e-12
1.983200e+00 -2.841867e-12
1.983300e+00 -1.934607e-12
1.983400e+00 -1.351161e-12
1.983500e+00 -2.156194e-12
1.983600e+00 -5.327967e-13
1.983700e+00 -7.486646e-13
1.983800e+00 -8.368391e-13
1.983900e+00 1.880073e-12
1.984000e+00 7.529149e-13
1.984100e+00 -6.848864e-13
1.984200e+00 1.359859e-12
1.984300e+00 3.375151e-13
1.984400e+00 4.958655e-12
1.984500e+00 1.295184e-12
1.984600e+00 3.427003e-12
1.984700e+00 -4.990196e-12
1.984800e+00 6.842702e-13
1.984900e+00 1.352218e-12
1.985000e+00 -2.985760e-12
1.985100e+00 -1.237098e-12
1.985200e+00 -1.795586e-12
1.985300e+00 3.678992e-12
1.985400e+00 8.802233e-14
1.985500e+00 -1.903720e-12
1.985600e+00 -3.992619e-13
1.985700e+00 5.502283e-13
1.985800e+00 5.279681e-12
1.985900e+00 -1.483309e-12
1.986000e+00 5.803131e-13
1.986100e+00 2.361537e-12
1.986200e+00 -3.617720e-13
1.986300e+00 4.367182e-12
1.986400e+00 2.232646e-12
1.986500e+00 -3.095853e-12
1.986600e+00 6.088659e-12
1.986700e+00 -8.036533e-13
1.986800e+00 -3.852134e-12
1.986900e+00 -6.040970e-13
1.987000e+00 6.976669e-13
1.987100e+00 -2.283607e-12
1.987200e+00 6.448365e-12
1.987300e+00 4.180261e-12
1.987400e+00 -5.917613e-13
1.987500e+00 -1.708149e-12
1.987600e+00 3.410675e-12
1.987700e+00 2.577652e-12
1.987800e+00 -4.385183e-12
1.987900e+00 -4.457060e-13
1.988000e+00 -3.904547e-12
1.988100e+00 2.792592e-12
1.988200e+00 -3.560926e-12
1.988300e+00 -2.741690e-12
1.988400e+00 6.461171e-13
1.988500e+00 1.353593e-12
1.988600e+00 3.208306e-12
1.988700e+00 1.820789e-12
1.988800e+00 8.617248e-13
1.988900e+00 1.775901e-12
1.989000e+00 -1.079971e-12
1.989100e+00 7.045532e-13
1.989200e+00 3.113150e-13
1.989300e+00 5.670413e-13
1.989400e+00 -2.903773e-12
1.989500e+00 3.086051e-12
1.989600e+00 2.129916e-12
1.989700e+00 2.847985e-12
1.989800e+00 2.108827e-13
1.989900e+00 -3.707043e-13
1.990000e+00 5.544461e-13
1.990100e+00 1.793446e-12
1.990200e+00 3.319233e-12
1.990300e+00 1.858598e-12
1.990400e+00 2.658069e-12
1.990500e+00 1.379636e-13
1.990600e+00 1.807353e-13
1.990700e+00 2.594350e-12
1.990800e+00 -3.528940e-12
1.990900e+00 5.792071e-12
1.991000e+00 -2.122456e-12
1.991100e+00 -2.880777e-12
1.991200e+00 -5.214945e-12
1.991300e+00 -5.257488e-14
1.991400e+00 4.509472e-12
1.991500e+00 -2.875153e-12
1.991600e+00 2.163724e-13
1.991700e+00 -2.246647e-12
1.991800e+00 -3.505655e-12
1.991900e+00 1.649225e-12
1.992000e+00 -1.059963e-13
1.992100e+00 3.528925e-12
1.992200e+00 6.093486e-12
1.992300e+00 -1.330382e-12
1.992400e+00 -5.429354e-12
1.992500e+00 8.052403e-13
1.992600e+00 3.124710e-12
1.992700e+00 -1.360006e-12
1.992800e+00 2.507908e-12
1.992900e+00 1.489556e-12
1.993000e+00 1.637869e-12
1.993100e+00 -3.646615e-12
1.993200e+00 5.977792e-13
1.993300e+00 4.103925e-12
1.993400e+00 -3.248601e-12
1.993500e+00 7.486613e-13
1.993600e+00 3.809066e-13
1.993700e+00 2.487332e-14
1.993800e+00 2.053695e-12
1.993900e+00 2.416151e-12
1.994000e+00 -1.544061e-12
1.994100e+00 -1.226385e-12
1.994200e+00 3.845368e-12
1.994300e+00 3.073567e-12
1.994400e+00 -1.521978e-12
1.994500e+00 3.565431e-12
1.994600e+00 -7.725044e-13
1.994700e+00 -2.204382e-12
1.994800e+00 -2.874660e-12
1.994900e+00 1.117582e-12
1.995000e+00 -3.640766e-12
1.995100e+00 -2.631246e-12
1.995200e+00 -1.257519e-12
1.995300e+00 2.710645e-12
1.995400e+00 9.912382e-13
1.995500e+00 1.103406e-12
1.995600e+00 -3.122124e-12
1.995700e+00 -3.412736e-12
1.995800e+00 -2.349213e-12
1.995900e+00 -1.455788e-12
1.996000e+00 1.616522e-13
1.996100e+00 3.660354e-12
1.996200e+00 2.290883e-12
1.996300e+00 -1.469882e-12
1.996400e+00 -4.654550e-12
1.996500e+00 5.160468e-12
1.996600e+00 1.509088e-12
1.996700e+00 -1.865192e-12
1.996800e+00 -1.622400e-12
1.996900e+00 -5.152748e-13
1.997000e+00 4.414923e-12
1.997100e+00 -8.645370e-13
1.997200e+00 -5.490377e-12
1.997300e+00 -2.761599e-12
1.997400e+00 4.357509e-13
1.997500e+00 2.360081e-12
1.997600e+00 4.258105e-12
1.997700e+00 1.281118e-12
1.997800e+00 4.060232e-12
1.997900e+00 5.889271e-12
1.998000e+00 2.822898e-12
1.998100e+00 1.968582e-12
1.998200e+00 -2.704123e-12
1.998300e+00 1.324826e-12
1.998400e+00 -4.169999e-12
1.998500e+00 3.345824e-13
1.998600e+00 -3.769829e-12
1.998700e+00 2.660716e-12
1.998800e+00 9.755890e-13
1.998900e+00 -9.684875e-13
1.999000e+00 -4.935132e-12
1.999100e+00 3.028102e-13
1.999200e+00 1.805810e-12
1.999300e+00 -1.284962e-12
1.999400e+00 -3.199927e-12
1.999500e+00 -1.427704e-12
1.999600e+00 2.488448e-12
1.999700e+00 -3.188534e-12
1.999800e+00 -2.197089e-12
1.999900e+00 3.689121e-12
2.000000e+00 -4.547474e-13
2.000100e+00 -3.995686e-12
2.000200e+00 -9.801448e-13
2.000300e+00 8.822139e-13
2.000400e+00 3.985655e-13
2.000500e+00 5.453163e-12
2.000600e+00 4.636251e-12
2.000700e+00 1.357248e-12
2.000800e+00 5.375418e-12
2.000900e+00 -1.604275e-12
2.001000e+00 2.592415e-12
2.001100e+00 -2.929764e-12
2.001200e+00 -1.266463e-12
2.001300e+00 -2.149724e-12
2.001400e+00 2.300520e-12
2.001500e+00 -4.856131e-12
2.001600e+00 -4.196057e-13
2.001700e+00 6.207614e-13
2.001800e+00 -3.035434e-12
2.001900e+00 -1.499713e-12
2.002000e+00 3.046791e-13
2.002100e+00 2.498275e-12
2.002200e+00 -2.045017e-12
2.002300e+00 -3.001293e-12
2.002400e+00 1.911315e-12
2.002500e+00 -2.118752e-12
2.002600e+00 3.883352e-12
2.002700e+00 5.806145e-12
2.002800e+00 2.742876e-13
2.002900e+00 -6.238730e-13
2.003000e+00 -3.318848e-12
2.003100e+00 -9.398884e-13
2.003200e+00 -2.985351e-13
2.003300e+00 -2.590302e-12
2.003400e+00 2.509094e-13
2.003500e+00 -3.030194e-12
2.003600e+00 2.712329e-12
2.003700e+00 3.222651e-12
2.003800e+00 1.934687e-12
2.003900e+00 2.947198e-12
2.004000e+00 2.590900e-13
2.004100e+00 -8.731141e-13
2.004200e+00 9.724189e-13
2.004300e+00 1.957752e-12
2.004400e+00 1.619134e-13
2.004500e+00 1.050639e-12
2.004600e+00 -1.836004e-12
2.004700e+00 4.054075e-13
2.004800e+00 1.846192e-12
2.004900e+00 1.842661e-13
2.005000e+00 4.780034e-12
2.005100e+00 -3.261416e-13
2.005200e+00 -1.423713e-12
2.005300e+00 -3.911442e-12
2.005400e+00 -7.258612e-13
2.005500e+00 3.493957e-12
2.005600e+00 3.348002e-12
2.005700e+00 -1.852327e-12
2.005800e+00 3.318625e-12
2.005900e+00 -5.631237e-13
2.006000e+00 7.509062e-13
2.006100e+00 1.195167e-12
2.006200e+00 1.982540e-12
2.006300e+00 3.223868e-12
2.006400e+00 -2.516164e-12
2.006500e+00 -3.951637e-13
2.006600e+00 5.193974e-12
2.006700e+00 -4.248668e-12
2.006800e+00 4.144599e-12
2.006900e+00 -2.557323e-13
2.007000e+00 2.093286e-12
2.007100e+00 -2.252350e-12
2.007200e+00 -2.170303e-12
2.007300e+00 8.370538e-13
2.007400e+00 6.161252e-12
2.007500e+00 2.334311e-12
2.007600e+00 2.174658e-12
2.007700e+00 -1.372999e-12
2.007800e+00 -3.229075e-12
2.007900e+00 -3.289203e-13
2.008000e+00 -1.439477e-12
2.008100e+00 -1.536149e-12
2.008200e+00 2.961236e-12
2.008300e+00 2.258506e-12
2.008400e+00 2.409899e-12
2.008500e+00 1.003821e-12
2.008600e+00 -3.370127e-13
2.008700e+00 1.647645e-12
2.008800e+00 -4.073101e-12
2.008900e+00 -2.628978e-12
2.009000e+00 -1.262520e-12
2.009100e+00 -4.119756e-14
2.009200e+00 3.781218e-13
2.009300e+00 3.203447e-12
2.009400e+00 -2.652519e-12
2.009500e+00 -3.167656e-12
2.009600e+00 -1.927127e-12
2.009700e+00 -5.962201e-12
2.009800e+00 -1.645629e-12
2.009900e+00 -1.814440e-12
2.010000e+00 2.553473e-12
2.010100e+00 4.410175e-12
2.010200e+00 1.087436e-12
2.010300e+00 1.611269e-12
2.010400e+00 2.020807e-12
2.010500e+00 -2.577978e-12
2.010600e+00 -7.269286e-12
2.010700e+00 5.132310e-12
2.010800e+00 2.076782e-12
2.010900e+00 2.256030e-12
2.011000e+00 3.142756e-12
2.011100e+00 -1.695638e-12
2.011200e+00 -2.134108e-12
2.011300e+00 1.418164e-12
2.011400e+00 1.673876e-12
2.011500e+00 -3.299642e-12
2.011600e+00 2.784868e-12
2.011700e+00 5.793976e-13
2.011800e+00 -2.961356e-13
2.011900e+00 1.242182e-12
2.012000e+00 -4.547226e-12
2.012100e+00 -2.492016e-12
2.012200e+00 1.976907e-12
2.012300e+00 -1.680399e-12
2.012400e+00 -2.174925e-12
2.012500e+00 -2.418443e-12
2.012600e+00 -3.453379e-12
2.012700e+00 3.327456e-12
2.012800e+00 1.572923e-12
2.012900e+00 -1.003611e-12
2.013000e+00 6.060884e-13
2.013100e+00 -4.111856e-12
2.013200e+00 2.746601e-12
2.013300e+00 2.220856e-12
2.013400e+00 -5.224066e-13
2.013500e+00 -2.736587e-12
2.013600e+00 -1.463174e-12
2.013700e+00 -1.544262e-12
2.013800e+00 1.488981e-12
2.013900e+00 1.098990e-12
2.014000e+00 -4.977486e-12
2.014100e+00 2.559440e-12
2.014200e+00 2.751395e-12
2.014300e+00 -1.451148e-12
2.014400e+00 1.816875e-12
2.014500e+00 -1.073218e-12
2.014600e+00 4.744475e-12
2.014700e+00 -1.207560e-13
2.014800e+00 -2.153979e-12
2.014900e+00 2.466991e-12
2.015000e+00 2.600389e-12
2.015100e+00 3.923091e-12
2.015200e+00 1.499875e-12
2.015300e+00 -1.603756e-12
2.015400e+00 -3.312705e-12
2.015500e+00 1.467369e-12
2.015600e+00 2.519044e-12
2.015700e+00 1.808380e-12
2.015800e+00 -3.356028e-12
2.015900e+00 -6.145959e-13
2.016000e+00 -2.317927e-12
2.016100e+00 2.599927e-12
2.016200e+00 -6.540232e-13
2.016300e+00 -2.365513e-12
2.016400e+00 -3.380363e-12
2.016500e+00 -3.415357e-12
2.016600e+00 -3.235920e-12
2.016700e+00 -1.282346e-13
2.016800e+00 -2.113940e-12
2.016900e+00 3.919221e-12
2.017000e+00 2.176556e-12
2.017100e+00 1.265639e-12
2.017200e+00 -3.350259e-12
2.017300e+00 1.261546e-12
2.017400e+00 5.600276e-12
2.017500e+00 -2.720638e-12
2.017600e+00 -3.879939e-12
2.017700e+00 -1.810719e-12
2.017800e+00 3.608143e-12
2.017900e+00 1.584081e-12
2.018000e+00 1.150447e-12
2.018100e+00 -1.809325e-12
2.018200e+00 1.419435e-12
2.018300e+00 -5.408388e-13
2.018400e+00 1.310624e-13
2.018500e+00 -1.207915e-12
2.018600e+00 -2.683738e-13
2.018700e+00 2.518533e-12
2.018800e+00 -1.327954e-12
2.018900e+00 -1.945106e-12
2.019000e+00 1.620725e-12
2.019100e+00 1.297145e-12
2.019200e+00 4.201708e-12
2.019300e+00 -5.462561e-12
2.019400e+00 -9.827550e-13
2.019500e+00 -2.206677e-12
2.019600e+00 -2.253933e-12
2.019700e+00 -1.664279e-12
2.019800e+00 1.818865e-12
2.019900e+00 -1.964268e-12
2.020000e+00 -1.203144e-12
2.020100e+00 -9.238080e-13
2.020200e+00 4.280300e-12
2.020300e+00 -1.559946e-12
2.020400e+00 -4.458272e-12
2.020500e+00 3.356011e-12
2.020600e+00 -2.242246e-13
2.020700e+00 -1.719105e-12
2.020800e+00 6.209674e-13
2.020900e+00 -1.407010e-12
2.021000e+00 -1.261766e-12
2.021100e+00 -1.952529e-12
2.021200e+00 -1.450097e-12
2.021300e+00 -3.485949e-12
2.021400e+00 5.254656e-12
2.021500e+00 3.025686e-12
2.021600e+00 -9.123835e-13
2.021700e+00 -3.013048e-13
2.021800e+00 -1.022402e-12
2.021900e+00 1.024798e-12
2.022000e+00 -1.855581e-12
2.022100e+00 -6.859710e-12
2.022200e+00 -3.267783e-12
2.022300e+00 -2.035439e-13
2.022400e+00 -2.784948e-12
2.022500e+00 -3.673162e-12
2.022600e+00 -5.488912e-12
2.022700e+00 -2.915000e-13
2.022800e+00 -3.553610e-12
2.022900e+00 -2.134761e-12
2.023000e+00 -1.134365e-12
2.023100e+00 6.562665e-13
2.023200e+00 -3.620204e-12
2.023300e+00 3.659081e-12
2.023400e+00 2.121249e-14
2.023500e+00 -3.785432e-12
2.023600e+00 4.756787e-12
2.023700e+00 -2.052192e-12
2.023800e+00 1.502271e-12
2.023900e+00 8.582628e-13
2.024000e+00 1.799300e-12
2.024100e+00 -2.607826e-13
2.024200e+00 -1.295068e-12
2.024300e+00 -5.691499e-12
2.024400e+00 2.743665e-12
2.024500e+00 3.481358e-12
2.024600e+00 7.736869e-13
2.024700e+00 2.390774e-13
2.024800e+00 -1.611156e-12
2.024900e+00 5.809095e-13
2.025000e+00 3.813369e-12
2.025100e+00 -2.241531e-12
2.025200e+00 3.440901e-12
2.025300e+00 3.019319e-12
2.025400e+00 2.292715e-12
2.025500e+00 -1.359198e-12
2.025600e+00 -3.952015e-12
2.025700e+00 -1.976574e-12
2.025800e+00 -2.417398e-12
2.025900e+00 6.220228e-13
2.026000e+00 -1.048079e-13
2.026100e+00 4.620526e-13
2.026200e+00 3.424498e-13
2.026300e+00 1.975003e-12
2.026400e+00 -4.023223e-12
2.026500e+00 -6.154798e-13
2.026600e+00 2.036127e-12
2.026700e+00 1.125312e-12
2.026800e+00 5.697852e-13
2.026900e+00 -6.154241e-12
2.027000e+00 -1.332908e-12
2.027100e+00 -3.963951e-12
2.027200e+00 -3.737241e-12
2.027300e+00 1.370308e-13
2.027400e+00 -2.399281e-12
2.027500e+00 -1.195057e-12
2.027600e+00 1.843493e-12
2.027700e+00 2.028416e-12
2.027800e+00 -5.606586e-13
2.027900e+00 1.748857e-12
2.028000e+00 -3.096594e-12
2.028100e+00 1.191928e-12
2.028200e+00 -3.925958e-12
2.028300e+00 2.306486e-12
2.028400e+00 5.103026e-13
2.028500e+00 -2.595234e-12
2.028600e+00 -8.810281e-13
2.028700e+00 3.638367e-12
2.028800e+00 1.321716e-12
2.028900e+00 4.250628e-12
2.029000e+00 -3.705259e-12
2.029100e+00 3.405121e-12
2.029200e+00 1.116618e-12
2.029300e+00 1.155610e-14
2.029400e+00 -1.741447e-12
2.029500e+00 4.137693e-13
2.029600e+00 -2.290235e-13
2.029700e+00 -2.373557e-12
2.029800e+00 9.733093e-13
2.029900e+00 1.560362e-12
2.030000e+00 2.543887e-12
2.030100e+00 6.038306e-13
2.030200e+00 -2.344321e-12
2.030300e+00 3.044542e-12
2.030400e+00 -1.712246e-12
2.030500e+00 4.589065e-12
2.030600e+00 2.627198e-12
2.030700e+00 -2.235082e-12
2.030800e+00 -6.206921e-12
2.030900e+00 -2.394295e-12
2.031000e+00 -1.349146e-12
2.031100e+00 6.763696e-13
2.031200e+00 4.414374e-12
2.031300e+00 4.405220e-12
2.031400e+00 8.127658e-14
2.031500e+00 -2.557432e-12
2.031600e+00 -2.085709e-12
2.031700e+00 1.406163e-12
2.031800e+00 5.388105e-12
2.031900e+00 3.330412e-12
2.032000e+00 3.472479e-12
2.032100e+00 -1.841846e-12
2.032200e+00 -1.513007e-12
2.032300e+00 7.017441e-13
2.032400e+00 1.550003e-12
2.032500e+00 1.057178e-12
2.032600e+00 4.475968e-13
2.032700e+00 1.805435e-13
2.032800e+00 -2.232404e-13
2.032900e+00 3.191632e-12
2.033000e+00 3.446465e-12
2.033100e+00 -2.870360e-12
2.033200e+00 4.102881e-12
2.033300e+00 2.840141e-12
2.033400e+00 -2.658603e-12
2.033500e+00 8.983895e-13
2.033600e+00 -6.050460e-13
2.033700e+00 -1.244893e-12
2.033800e+00 -8.117162e-14
2.033900e+00 3.349793e-12
2.034000e+00 2.481867e-13
2.034100e+00 1.107874e-12
2.034200e+00 -1.801066e-12
2.034300e+00 2.971630e-12
2.034400e+00 -2.450786e-12
2.034500e+00 -3.696733e-12
2.034600e+00 4.097656e-13
2.034700e+00 1.720443e-12
2.034800e+00 5.662188e-12
2.034900e+00 -1.320904e-12
2.035000e+00 1.843823e-12
2.035100e+00 -1.550853e-12
2.035200e+00 1.618181e-12
2.035300e+00 -4.749766e-12
2.035400e+00 6.563278e-13
2.035500e+00 4.346592e-13
2.035600e+00 1.812588e-12
2.035700e+00 -3.905807e-12
2.035800e+00 2.862120e-12
2.035900e+00 -2.981653e-12
2.036000e+00 2.054183e-12
2.036100e+00 -3.339057e-12
2.036200e+00 -9.611184e-13
2.036300e+00 -2.253866e-12
2.036400e+00 -3.105849e-12
2.036500e+00 -1.965160e-12
2.036600e+00 -4.528621e-12
2.036700e+00 -6.468335e-13
2.036800e+00 1.235573e-12
2.036900e+00 -4.157148e-12
2.037000e+00 8.111406e-13
2.037100e+00 3.022780e-12
2.037200e+00 -4.807971e-12
2.037300e+00 5.334287e-13
2.037400e+00 -2.566914e-12
2.037500e+00 -1.168747e-12
2.037600e+00 -3.533440e-13
2.037700e+00 4.513338e-12
2.037800e+00 -5.172144e-12
2.037900e+00 -2.457497e-13
2.038000e+00 4.195436e-12
2.038100e+00 -7.059239e-13
2.038200e+00 -6.037968e-12
2.038300e+00 -5.831012e-13
2.038400e+00 -4.071988e-12
2.038500e+00 2.276115e-12
2.038600e+00 -4.368880e-12
2.038700e+00 4.309205e-12
2.038800e+00 -1.037556e-12
2.038900e+00 -3.764511e-12
2.039000e+00 1.404518e-12
2.039100e+00 1.535807e-12
2.039200e+00 -4.976308e-13
2.039300e+00 7.734835e-14
2.039400e+00 -7.886924e-13
2.039500e+00 -1.130602e-12
2.039600e+00 -1.552957e-13
2.039700e+00 4.772508e-12
2.039800e+00 7.463426e-12
2.039900e+00 -3.098286e-12
2.040000e+00 2.584681e-12
2.040100e+00 2.520703e-13
2.040200e+00 3.432749e-12
2.040300e+00 2.797688e-12
2.040400e+00 -2.762093e-12
2.040500e+00 7.098555e-13
2.040600e+00 4.810365e-13
2.040700e+00 1.957626e-12
2.040800e+00 7.314760e-13
2.040900e+00 -4.370951e-12
2.041000e+00 2.170247e-12
2.041100e+00 -6.077161e-12
2.041200e+00 -1.319930e-12
2.041300e+00 3.905861e-12
2.041400e+00 2.502796e-12
2.041500e+00 -5.677941e-12
2.041600e+00 -1.987819e-13
2.041700e+00 1.476441e-12
2.041800e+00 2.410904e-12
2.041900e+00 -2.004831e-12
2.042000e+00 4.615663e-12
2.042100e+00 -5.402968e-12
2.042200e+00 1.132774e-12
2.042300e+00 3.659990e-12
2.042400e+00 8.712499e-13
2.042500e+00 -7.822432e-14
2.042600e+00 1.976039e-12
2.042700e+00 1.451570e-12
2.042800e+00 -2.312644e-12
2.042900e+00 -2.384049e-12
2.043000e+00 1.713481e-12
2.043100e+00 5.565938e-12
2.043200e+00 2.164180e-13
2.043300e+00 2.769072e-12
2.043400e+00 1.770384e-13
2.043500e+00 4.875498e-12
2.043600e+00 2.978240e-12
2.043700e+00 1.262368e-12
2.043800e+00 3.182906e-12
2.043900e+00 -2.455764e-12
2.044000e+00 -6.414710e-12
2.044100e+00 2.161196e-12
2.044200e+00 -3.361935e-13
2.044300e+00 6.038118e-14
2.044400e+00 1.329673e-12
2.044500e+00 -4.547357e-12
2.044600e+00 6.626264e-13
2.044700e+00 3.802816e-12
2.044800e+00 1.755818e-12
2.044900e+00 3.422184e-12
2.045000e+00 2.283083e-14
2.045100e+00 -1.192635e-12
2.045200e+00 -2.808971e-12
2.045300e+00 2.981871e-12
2.045400e+00 4.211882e-12
2.045500e+00 -5.786511e-13
2.045600e+00 -7.112143e-14
2.045700e+00 -1.329728e-12
2.045800e+00 6.039536e-13
2.045900e+00 2.362131e-12
2.046000e+00 -3.331755e-12
2.046100e+00 -2.948666e-12
2.046200e+00 1.096225e-12
2.046300e+00 3.594904e-14
2.046400e+00 -3.742976e-12
2.046500e+00 -7.693573e-13
2.046600e+00 4.864830e-12
2.046700e+00 -5.371418e-12
2.046800e+00 2.373529e-13
2.046900e+00 -1.213489e-13
2.047000e+00 -2.337249e-13
2.047100e+00 -1.343893e-12
2.047200e+00 -9.841855e-13
2.047300e+00 5.512889e-12
2.047400e+00 1.098864e-12
2.047500e+00 -2.251284e-12
2.047600e+00 1.433800e-12
2.047700e+00 1.295363e-12
2.047800e+00 -1.258561e-12
2.047900e+00 6.285767e-12
2.048000e+00 2.090331e-12
2.048100e+00 3.185811e-12
2.048200e+00 5.732023e-13
2.048300e+00 3.403567e-12
2.048400e+00 -1.945494e-12
2.048500e+00 1.222960e-12
2.048600e+00 -9.121959e-13
2.048700e+00 2.735049e-12
2.048800e+00 -2.088899e-12
2.048900e+00 6.336201e-12
2.049000e+00 2.377383e-12
2.049100e+00 5.520349e-12
2.049200e+00 3.559607e-12
2.049300e+00 3.787764e-12
2.049400e+00 -2.064665e-12
2.049500e+00 4.223677e-12
2.049600e+00 7.298823e-13
2.049700e+00 1.983608e-12
2.049800e+00 1.806330e-14
2.049900e+00 2.817237e-12
2.050000e+00 1.516887e-12
2.050100e+00 5.186054e-12
2.050200e+00 5.985879e-12
2.050300e+00 -2.058475e-13
2.050400e+00 -2.022040e-12
2.050500e+00 7.466159e-12
2.050600e+00 2.948009e-12
2.050700e+00 5.950941e-13
2.050800e+00 4.796914e-12
2.050900e+00 -2.357434e-13
2.051000e+00 1.113536e-12
2.051100e+00 5.565216e-12
2.051200e+00 4.347902e-12
2.051300e+00 6.809108e-12
2.051400e+00 -5.099243e-13
2.051500e+00 2.386616e-12
2.051600e+00 1.201089e-12
2.051700e+00 3.489307e-12
2.051800e+00 -3.846242e-12
2.051900e+00 2.649047e-12
2.052000e+00 7.522991e-12
2.052100e+00 -1.413182e-13
2.052200e+00 2.205812e-12
2.052300e+00 8.992503e-12
2.052400e+00 4.543274e-12
2.052500e+00 1.578071e-12
2.052600e+00 -8.438861e-14
2.052700e+00 1.405618e-12
2.052800e+00 6.917671e-14
2.052900e+00 1.818112e-12
2.053000e+00 9.462006e-12
2.053100e+00 7.302372e-12
2.053200e+00 5.945152e-12
2.053300e+00 9.311067e-13
2.053400e+00 -1.472210e-12
2.053500e+00 6.510664e-12
2.053600e+00 4.804977e-12
2.053700e+00 1.280391e-12
2.053800e+00 1.056859e-11
2.053900e+00 4.037270e-12
2.054000e+00 -5.514907e-13
2.054100e+00 3.289640e-12
2.054200e+00 -3.533543e-12
2.054300e+00 2.317539e-12
2.054400e+00 2.368455e-12
2.054500e+00 -2.483155e-12
2.054600e+00 1.029723e-12
2.054700e+00 5.376386e-12
2.054800e+00 3.656516e-12
2.054900e+00 7.179880e-12
2.055000e+00 2.541923e-12
2.055100e+00 8.216528e-12
2.055200e+00 7.097590e-12
2.055300e+00 9.169815e-12
2.055400e+00 6.007729e-12
2.055500e+00 5.414756e-12
2.055600e+00 3.325404e-12
2.055700e+00 1.243138e-11
2.055800e+00 8.605974e-12
2.055900e+00 8.960524e-12
2.056000e+00 6.290356e-12
2.056100e+00 7.287261e-12
2.056200e+00 9.634124e-12
2.056300e+00 8.338816e-13
2.056400e+00 3.736814e-12
2.056500e+00 6.936099e-12
2.056600e+00 4.565379e-12
2.056700e+00 5.828269e-12
2.056800e+00 4.136343e-12
2.056900e+00 9.726326e-12
2.057000e+00 7.453593e-12
2.057100e+00 1.010727e-11
2.057200e+00 7.373496e-12
2.057300e+00 8.397410e-12
2.057400e+00 2.375878e-12
2.057500e+00 5.393269e-12
2.057600e+00 7.152261e-12
2.057700e+00 1.038523e-11
2.057800e+00 3.485876e-12
2.057900e+00 9.929027e-12
2.058000e+00 9.666059e-12
2.058100e+00 5.447369e-12
2.058200e+00 5.746641e-12
2.058300e+00 1.013715e-11
2.058400e+00 6.311267e-13
2.058500e+00 2.404853e-12
2.058600e+00 9.678324e-12
2.058700e+00 8.702880e-12
2.058800e+00 9.649756e-12
2.058900e+00 1.051063e-11
2.059000e+00 1.090549e-11
2.059100e+00 6.991509e-12
2.059200e+00 6.678982e-12
2.059300e+00 8.680893e-12
2.059400e+00 4.149568e-12
2.059500e+00 9.688329e-12
2.059600e+00 8.410570e-12
2.059700e+00 8.706001e-12
2.059800e+00 1.070164e-11
2.059900e+00 1.000677e-11
2.060000e+00 1.299305e-11
2.060100e+00 6.643111e-12
2.060200e+00 1.106917e-11
2.060300e+00 1.575223e-11
2.060400e+00 9.868787e-12
2.060500e+00 7.765673e-12
2.060600e+00 1.464661e-11
2.060700e+00 1.251356e-11
2.060800e+00 1.252397e-11
2.060900e+00 1.171148e-11
2.061000e+00 9.794152e-12
2.061100e+00 1.356862e-11
2.061200e+00 9.319307e-12
2.061300e+00 1.308001e-11
2.061400e+00 8.361501e-12
2.061500e+00 1.369951e-11
2.061600e+00 1.416660e-11
2.061700e+00 1.726567e-11
2.061800e+00 2.076408e-11
2.061900e+00 1.198801e-11
2.062000e+00 2.115111e-11
2.062100e+00 1.434587e-11
2.062200e+00 1.227454e-11
2.062300e+00 1.259869e-11
2.062400e+00 1.332181e-11
2.062500e+00 1.613072e-11
2.062600e+00 1.133049e-11
2.062700e+00 1.911399e-11
2.062800e+00 1.587341e-11
2.062900e+00 1.510062e-11
2.063000e+00 2.089941e-11
2.063100e+00 1.678364e-11
2.063200e+00 1.569188e-11
2.063300e+00 1.583673e-11
2.063400e+00 1.618367e-11
2.063500e+00 1.738961e-11
2.063600e+00 1.758047e-11
2.063700e+00 1.411016e-11
2.063800e+00 1.447059e-11
2.063900e+00 1.945882e-11
2.064000e+00 1.678129e-11
2.064100e+00 1.519382e-11
2.064200e+00 2.508756e-11
2.064300e+00 1.806518e-11
2.064400e+00 1.975337e-11
2.064500e+00 1.869117e-11
2.064600e+00 1.784156e-11
2.064700e+00 1.898549e-11
2.064800e+00 2.172392e-11
2.064900e+00 1.490895e-11
2.065000e+00 1.954412e-11
2.065100e+00 2.493360e-11
2.065200e+00 2.130971e-11
2.065300e+00 2.184548e-11
2.065400e+00 2.162734e-11
2.065500e+00 1.790403e-11
2.065600e+00 2.141773e-11
2.065700e+00 2.129836e-11
2.065800e+00 2.780182e-11
2.065900e+00 1.571252e-11
2.066000e+00 2.544933e-11
2.066100e+00 2.162001e-11
2.066200e+00 2.395941e-11
2.066300e+00 2.618113e-11
2.066400e+00 2.298725e-11
2.066500e+00 2.563298e-11
2.066600e+00 2.974320e-11
2.066700e+00 2.552928e-11
2.066800e+00 2.510283e-11
2.066900e+00 3.040633e-11
2.067000e+00 2.457479e-11
2.067100e+00 3.044671e-11
2.067200e+00 2.649764e-11
2.067300e+00 2.632665e-11
2.067400e+00 2.989479e-11
2.067500e+00 2.522592e-11
2.067600e+00 3.177219e-11
2.067700e+00 2.302482e-11
2.067800e+00 2.623631e-11
2.067900e+00 3.074727e-11
2.068000e+00 3.176538e-11
2.068100e+00 3.019055e-11
2.068200e+00 3.079402e-11
2.068300e+00 3.257870e-11
2.068400e+00 3.982977e-11
2.068500e+00 2.690062e-11
2.068600e+00 3.027570e-11
2.068700e+00 3.652038e-11
2.068800e+00 2.871999e-11
2.068900e+00 3.393192e-11
2.069000e+00 4.116403e-11
2.069100e+00 3.235685e-11
2.069200e+00 3.689904e-11
2.069300e+00 4.071384e-11
2.069400e+00 3.594805e-11
2.069500e+00 3.479592e-11
2.069600e+00 3.232880e-11
2.069700e+00 3.666793e-11
2.069800e+00 4.233886e-11
2.069900e+00 3.950452e-11
2.070000e+00 3.902700e-11
2.070100e+00 4.611416e-11
2.070200e+00 3.660628e-11
2.070300e+00 3.881750e-11
2.070400e+00 4.039792e-11
2.070500e+00 3.793200e-11
2.070600e+00 4.647440e-11
2.070700e+00 4.535101e-11
2.070800e+00 4.707030e-11
2.070900e+00 4.371130e-11
2.071000e+00 4.258861e-11
2.071100e+00 4.806709e-11
2.071200e+00 3.983921e-11
2.071300e+00 4.897902e-11
2.071400e+00 4.992307e-11
2.071500e+00 5.012433e-11
2.071600e+00 4.643116e-11
2.071700e+00 4.881403e-11
2.071800e+00 4.786458e-11
2.071900e+00 5.265533e-11
2.072000e+00 5.105242e-11
2.072100e+00 5.653012e-11
2.072200e+00 5.599569e-11
2.072300e+00 5.230754e-11
2.072400e+00 5.161533e-11
2.072500e+00 5.970877e-11
2.072600e+00 5.009001e-11
2.072700e+00 5.551153e-11
2.072800e+00 5.146147e-11
2.072900e+00 5.925172e-11
2.073000e+00 6.159922e-11
2.073100e+00 5.694183e-11
2.073200e+00 5.855834e-11
2.073300e+00 5.791956e-11
2.073400e+00 6.110165e-11
2.073500e+00 6.321289e-11
2.073600e+00 6.448045e-11
2.073700e+00 6.541868e-11
2.073800e+00 6.783121e-11
2.073900e+00 7.044942e-11
2.074000e+00 7.070012e-11
2.074100e+00 6.441052e-11
2.074200e+00 7.215952e-11
2.074300e+00 6.252409e-11
2.074400e+00 7.263586e-11
2.074500e+00 7.565370e-11
2.074600e+00 7.509017e-11
2.074700e+00 7.050038e-11
2.074800e+00 6.951080e-11
2.074900e+00 6.777063e-11
2.075000e+00 7.442619e-11
2.075100e+00 7.502708e-11
2.075200e+00 7.634586e-11
2.075300e+00 7.571174e-11
2.075400e+00 7.705261e-11
2.075500e+00 7.632631e-11
2.075600e+00 8.151703e-11
2.075700e+00 7.494049e-11
2.075800e+00 8.173414e-11
2.075900e+00 8.130764e-11
2.076000e+00 8.734046e-11
2.076100e+00 9.338642e-11
2.076200e+00 8.378550e-11
2.076300e+00 9.054923e-11
2.076400e+00 9.015520e-11
2.076500e+00 8.668967e-11
2.076600e+00 8.423256e-11
2.076700e+00 9.636028e-11
2.076800e+00 9.526744e-11
2.076900e+00 9.610935e-11
2.077000e+00 9.862994e-11
2.077100e+00 9.843362e-11
2.077200e+00 9.383267e-11
2.077300e+00 1.012575e-10
2.077400e+00 9.007723e-11
2.077500e+00 9.684258e-11
2.077600e+00 1.092709e-10
2.077700e+00 1.040867e-10
2.077800e+00 1.039474e-10
2.077900e+00 9.642798e-11
2.078000e+00 1.073061e-10
2.078100e+00 1.094369e-10
2.078200e+00 1.148832e-10
2.078300e+00 1.143797e-10
2.078400e+00 1.164920e-10
2.078500e+00 1.175521e-10
2.078600e+00 1.125258e-10
2.078700e+00 1.192352e-10
2.078800e+00 1.165632e-10
2.078900e+00 1.240333e-10
2.079000e+00 1.219900e-10
2.079100e+00 1.191904e-10
2.079200e+00 1.236774e-10
2.079300e+00 1.206182e-10
2.079400e+00 1.225930e-10
2.079500e+00 1.251561e-10
2.079600e+00 1.330747e-10
2.079700e+00 1.288264e-10
2.079800e+00 1.373212e-10
2.079900e+00 1.351703e-10
