1.920000e+00 -1.342177e-10
1.920100e+00 -1.327153e-10
1.920200e+00 -1.312279e-10
1.920300e+00 -1.297552e-10
1.920400e+00 -1.282973e-10
1.920500e+00 -1.268540e-10
1.920600e+00 -1.254251e-10
1.920700e+00 -1.240106e-10
1.920800e+00 -1.226102e-10
1.920900e+00 -1.212239e-10
1.921000e+00 -1.198516e-10
1.921100e+00 -1.184931e-10
1.921200e+00 -1.171483e-10
1.921300e+00 -1.158171e-10
1.921400e+00 -1.144993e-10
1.921500e+00 -1.131949e-10
1.921600e+00 -1.119037e-10
1.921700e+00 -1.106257e-10
1.921800e+00 -1.093606e-10
1.921900e+00 -1.081084e-10
1.922000e+00 -1.068689e-10
1.922100e+00 -1.056421e-10
1.922200e+00 -1.044279e-10
1.922300e+00 -1.032260e-10
1.922400e+00 -1.020365e-10
1.922500e+00 -1.008592e-10
1.922600e+00 -9.969391e-11
1.922700e+00 -9.854066e-11
1.922800e+00 -9.739927e-11
1.922900e+00 -9.626965e-11
1.923000e+00 -9.515169e-11
1.923100e+00 -9.404529e-11
1.923200e+00 -9.295034e-11
1.923300e+00 -9.186673e-11
1.923400e+00 -9.079437e-11
1.923500e+00 -8.973315e-11
1.923600e+00 -8.868297e-11
1.923700e+00 -8.764373e-11
1.923800e+00 -8.661533e-11
1.923900e+00 -8.559766e-11
1.924000e+00 -8.459064e-11
1.924100e+00 -8.359417e-11
1.924200e+00 -8.260814e-11
1.924300e+00 -8.163247e-11
1.924400e+00 -8.066705e-11
1.924500e+00 -7.971179e-11
1.924600e+00 -7.876660e-11
1.924700e+00 -7.783139e-11
1.924800e+00 -7.690606e-11
1.924900e+00 -7.599052e-11
1.925000e+00 -7.508469e-11
1.925100e+00 -7.418846e-11
1.925200e+00 -7.330176e-11
1.925300e+00 -7.242449e-11
1.925400e+00 -7.155656e-11
1.925500e+00 -7.069789e-11
1.925600e+00 -6.984839e-11
1.925700e+00 -6.900798e-11
1.925800e+00 -6.817657e-11
1.925900e+00 -6.735407e-11
1.926000e+00 -6.654041e-11
1.926100e+00 -6.573550e-11
1.926200e+00 -6.493925e-11
1.926300e+00 -6.415158e-11
1.926400e+00 -6.337243e-11
1.926500e+00 -6.260169e-11
1.926600e+00 -6.183930e-11
1.926700e+00 -6.108517e-11
1.926800e+00 -6.033923e-11
1.926900e+00 -5.960139e-11
1.927000e+00 -5.887159e-11
1.927100e+00 -5.814974e-11
1.927200e+00 -5.743577e-11
1.927300e+00 -5.672960e-11
1.927400e+00 -5.603116e-11
1.927500e+00 -5.534037e-11
1.927600e+00 -5.465716e-11
1.927700e+00 -5.398147e-11
1.927800e+00 -5.331320e-11
1.927900e+00 -5.265230e-11
1.928000e+00 -5.199870e-11
1.928100e+00 -5.135231e-11
1.928200e+00 -5.071308e-11
1.928300e+00 -5.008093e-11
1.928400e+00 -4.945580e-11
1.928500e+00 -4.883761e-11
1.928600e+00 -4.822630e-11
1.928700e+00 -4.762180e-11
1.928800e+00 -4.702404e-11
1.928900e+00 -4.643296e-11
1.929000e+00 -4.584850e-11
1.929100e+00 -4.527059e-11
1.929200e+00 -4.469916e-11
1.929300e+00 -4.413415e-11
1.929400e+00 -4.357549e-11
1.929500e+00 -4.302313e-11
1.929600e+00 -4.247701e-11
1.929700e+00 -4.193705e-11
1.929800e+00 -4.140321e-11
1.929900e+00 -4.087541e-11
1.930000e+00 -4.035361e-11
1.930100e+00 -3.983773e-11
1.930200e+00 -3.932772e-11
1.930300e+00 -3.882353e-11
1.930400e+00 -3.832509e-11
1.930500e+00 -3.783234e-11
1.930600e+00 -3.734524e-11
1.930700e+00 -3.686372e-11
1.930800e+00 -3.638772e-11
1.930900e+00 -3.591720e-11
1.931000e+00 -3.545209e-11
1.931100e+00 -3.499234e-11
1.931200e+00 -3.453790e-11
1.931300e+00 -3.408872e-11
1.931400e+00 -3.364473e-11
1.931500e+00 -3.320589e-11
1.931600e+00 -3.277215e-11
1.931700e+00 -3.234345e-11
1.931800e+00 -3.191974e-11
1.931900e+00 -3.150098e-11
1.932000e+00 -3.108710e-11
1.932100e+00 -3.067807e-11
1.932200e+00 -3.027382e-11
1.932300e+00 -2.987432e-11
1.932400e+00 -2.947951e-11
1.932500e+00 -2.908935e-11
1.932600e+00 -2.870378e-11
1.932700e+00 -2.832276e-11
1.932800e+00 -2.794624e-11
1.932900e+00 -2.757418e-11
1.933000e+00 -2.720653e-11
1.933100e+00 -2.684325e-11
1.933200e+00 -2.648428e-11
1.933300e+00 -2.612958e-11
1.933400e+00 -2.577912e-11
1.933500e+00 -2.543284e-11
1.933600e+00 -2.509070e-11
1.933700e+00 -2.475265e-11
1.933800e+00 -2.441866e-11
1.933900e+00 -2.408869e-11
1.934000e+00 -2.376268e-11
1.934100e+00 -2.344060e-11
1.934200e+00 -2.312241e-11
1.934300e+00 -2.280806e-11
1.934400e+00 -2.249752e-11
1.934500e+00 -2.219074e-11
1.934600e+00 -2.188768e-11
1.934700e+00 -2.158831e-11
1.934800e+00 -2.129258e-11
1.934900e+00 -2.100046e-11
1.935000e+00 -2.071191e-11
1.935100e+00 -2.042689e-11
1.935200e+00 -2.014536e-11
1.935300e+00 -1.986729e-11
1.935400e+00 -1.959263e-11
1.935500e+00 -1.932135e-11
1.935600e+00 -1.905341e-11
1.935700e+00 -1.878879e-11
1.935800e+00 -1.852743e-11
1.935900e+00 -1.826932e-11
1.936000e+00 -1.801440e-11
1.936100e+00 -1.776265e-11
1.936200e+00 -1.751403e-11
1.936300e+00 -1.726851e-11
1.936400e+00 -1.702606e-11
1.936500e+00 -1.678663e-11
1.936600e+00 -1.655020e-11
1.936700e+00 -1.631674e-11
1.936800e+00 -1.608621e-11
1.936900e+00 -1.585858e-11
1.937000e+00 -1.563381e-11
1.937100e+00 -1.541189e-11
1.937200e+00 -1.519276e-11
1.937300e+00 -1.497642e-11
1.937400e+00 -1.476281e-11
1.937500e+00 -1.455192e-11
1.937600e+00 -1.434370e-11
1.937700e+00 -1.413814e-11
1.937800e+00 -1.393521e-11
1.937900e+00 -1.373487e-11
1.938000e+00 -1.353709e-11
1.938100e+00 -1.334184e-11
1.938200e+00 -1.314911e-11
1.938300e+00 -1.295885e-11
1.938400e+00 -1.277104e-11
1.938500e+00 -1.258566e-11
1.938600e+00 -1.240267e-11
1.938700e+00 -1.222206e-11
1.938800e+00 -1.204378e-11
1.938900e+00 -1.186782e-11
1.939000e+00 -1.169415e-11
1.939100e+00 -1.152274e-11
1.939200e+00 -1.135356e-11
1.939300e+00 -1.118660e-11
1.939400e+00 -1.102183e-11
1.939500e+00 -1.085921e-11
1.939600e+00 -1.069874e-11
1.939700e+00 -1.054037e-11
1.939800e+00 -1.038409e-11
1.939900e+00 -1.022987e-11
1.940000e+00 -1.007770e-11
1.940100e+00 -9.927534e-12
1.940200e+00 -9.779365e-12
1.940300e+00 -9.633165e-12
1.940400e+00 -9.488910e-12
1.940500e+00 -9.346579e-12
1.940600e+00 -9.206149e-12
1.940700e+00 -9.067598e-12
1.940800e+00 -8.930903e-12
1.940900e+00 -8.796043e-12
1.941000e+00 -8.662996e-12
1.941100e+00 -8.531741e-12
1.941200e+00 -8.402256e-12
1.941300e+00 -8.274522e-12
1.941400e+00 -8.148516e-12
1.941500e+00 -8.024219e-12
1.941600e+00 -7.901611e-12
1.941700e+00 -7.780670e-12
1.941800e+00 -7.661377e-12
1.941900e+00 -7.543714e-12
1.942000e+00 -7.427659e-12
1.942100e+00 -7.313194e-12
1.942200e+00 -7.200299e-12
1.942300e+00 -7.088957e-12
1.942400e+00 -6.979147e-12
1.942500e+00 -6.870852e-12
1.942600e+00 -6.764053e-12
1.942700e+00 -6.658733e-12
1.942800e+00 -6.554873e-12
1.942900e+00 -6.452455e-12
1.943000e+00 -6.351462e-12
1.943100e+00 -6.251877e-12
1.943200e+00 -6.153682e-12
1.943300e+00 -6.056860e-12
1.943400e+00 -5.961395e-12
1.943500e+00 -5.867269e-12
1.943600e+00 -5.774467e-12
1.943700e+00 -5.682972e-12
1.943800e+00 -5.592768e-12
1.943900e+00 -5.503839e-12
1.944000e+00 -5.416169e-12
1.944100e+00 -5.329743e-12
1.944200e+00 -5.244545e-12
1.944300e+00 -5.160559e-12
1.944400e+00 -5.077771e-12
1.944500e+00 -4.996166e-12
1.944600e+00 -4.915728e-12
1.944700e+00 -4.836444e-12
1.944800e+00 -4.758299e-12
1.944900e+00 -4.681278e-12
1.945000e+00 -4.605367e-12
1.945100e+00 -4.530552e-12
1.945200e+00 -4.456819e-12
1.945300e+00 -4.384155e-12
1.945400e+00 -4.312546e-12
1.945500e+00 -4.241979e-12
1.945600e+00 -4.172440e-12
1.945700e+00 -4.103916e-12
1.945800e+00 -4.036394e-12
1.945900e+00 -3.969862e-12
1.946000e+00 -3.904306e-12
1.946100e+00 -3.839714e-12
1.946200e+00 -3.776074e-12
1.946300e+00 -3.713373e-12
1.946400e+00 -3.651599e-12
1.946500e+00 -3.590741e-12
1.946600e+00 -3.530785e-12
1.946700e+00 -3.471722e-12
1.946800e+00 -3.413538e-12
1.946900e+00 -3.356222e-12
1.947000e+00 -3.299764e-12
1.947100e+00 -3.244151e-12
1.947200e+00 -3.189373e-12
1.947300e+00 -3.135419e-12
1.947400e+00 -3.082277e-12
1.947500e+00 -3.029938e-12
1.947600e+00 -2.978390e-12
1.947700e+00 -2.927623e-12
1.947800e+00 -2.877627e-12
1.947900e+00 -2.828391e-12
1.948000e+00 -2.779906e-12
1.948100e+00 -2.732161e-12
1.948200e+00 -2.685146e-12
1.948300e+00 -2.638851e-12
1.948400e+00 -2.593267e-12
1.948500e+00 -2.548385e-12
1.948600e+00 -2.504195e-12
1.948700e+00 -2.460686e-12
1.948800e+00 -2.417852e-12
1.948900e+00 -2.375681e-12
1.949000e+00 -2.334165e-12
1.949100e+00 -2.293296e-12
1.949200e+00 -2.253063e-12
1.949300e+00 -2.213460e-12
1.949400e+00 -2.174476e-12
1.949500e+00 -2.136104e-12
1.949600e+00 -2.098335e-12
1.949700e+00 -2.061161e-12
1.949800e+00 -2.024573e-12
1.949900e+00 -1.988564e-12
1.950000e+00 -1.953125e-12
1.950100e+00 -1.918249e-12
1.950200e+00 -1.883927e-12
1.950300e+00 -1.850152e-12
1.950400e+00 -1.816917e-12
1.950500e+00 -1.784213e-12
1.950600e+00 -1.752034e-12
1.950700e+00 -1.720372e-12
1.950800e+00 -1.689219e-12
1.950900e+00 -1.658569e-12
1.951000e+00 -1.628414e-12
1.951100e+00 -1.598747e-12
1.951200e+00 -1.569562e-12
1.951300e+00 -1.540851e-12
1.951400e+00 -1.512608e-12
1.951500e+00 -1.484826e-12
1.951600e+00 -1.457499e-12
1.951700e+00 -1.430620e-12
1.951800e+00 -1.404182e-12
1.951900e+00 -1.378179e-12
1.952000e+00 -1.352605e-12
1.952100e+00 -1.327454e-12
1.952200e+00 -1.302720e-12
1.952300e+00 -1.278396e-12
1.952400e+00 -1.254477e-12
1.952500e+00 -1.230956e-12
1.952600e+00 -1.207828e-12
1.952700e+00 -1.185087e-12
1.952800e+00 -1.162728e-12
1.952900e+00 -1.140744e-12
1.953000e+00 -1.119130e-12
1.953100e+00 -1.097882e-12
1.953200e+00 -1.076992e-12
1.953300e+00 -1.056457e-12
1.953400e+00 -1.036271e-12
1.953500e+00 -1.016428e-12
1.953600e+00 -9.969235e-13
1.953700e+00 -9.777525e-13
1.953800e+00 -9.589099e-13
1.953900e+00 -9.403907e-13
1.954000e+00 -9.221902e-13
1.954100e+00 -9.043034e-13
1.954200e+00 -8.867257e-13
1.954300e+00 -8.694524e-13
1.954400e+00 -8.524788e-13
1.954500e+00 -8.358004e-13
1.954600e+00 -8.194127e-13
1.954700e+00 -8.033112e-13
1.954800e+00 -7.874916e-13
1.954900e+00 -7.719495e-13
1.955000e+00 -7.566806e-13
1.955100e+00 -7.416809e-13
1.955200e+00 -7.269460e-13
1.955300e+00 -7.124718e-13
1.955400e+00 -6.982545e-13
1.955500e+00 -6.842899e-13
1.955600e+00 -6.705740e-13
1.955700e+00 -6.571031e-13
1.955800e+00 -6.438733e-13
1.955900e+00 -6.308808e-13
1.956000e+00 -6.181218e-13
1.956100e+00 -6.055928e-13
1.956200e+00 -5.932900e-13
1.956300e+00 -5.812098e-13
1.956400e+00 -5.693488e-13
1.956500e+00 -5.577034e-13
1.956600e+00 -5.462703e-13
1.956700e+00 -5.350459e-13
1.956800e+00 -5.240271e-13
1.956900e+00 -5.132104e-13
1.957000e+00 -5.025926e-13
1.957100e+00 -4.921706e-13
1.957200e+00 -4.819411e-13
1.957300e+00 -4.719010e-13
1.957400e+00 -4.620473e-13
1.957500e+00 -4.523768e-13
1.957600e+00 -4.428868e-13
1.957700e+00 -4.335741e-13
1.957800e+00 -4.244358e-13
1.957900e+00 -4.154692e-13
1.958000e+00 -4.066714e-13
1.958100e+00 -3.980395e-13
1.958200e+00 -3.895709e-13
1.958300e+00 -3.812629e-13
1.958400e+00 -3.731127e-13
1.958500e+00 -3.651177e-13
1.958600e+00 -3.572754e-13
1.958700e+00 -3.495831e-13
1.958800e+00 -3.420385e-13
1.958900e+00 -3.346389e-13
1.959000e+00 -3.273819e-13
1.959100e+00 -3.202652e-13
1.959200e+00 -3.132863e-13
1.959300e+00 -3.064430e-13
1.959400e+00 -2.997328e-13
1.959500e+00 -2.931536e-13
1.959600e+00 -2.867030e-13
1.959700e+00 -2.803790e-13
1.959800e+00 -2.741792e-13
1.959900e+00 -2.681016e-13
1.960000e+00 -2.621440e-13
1.960100e+00 -2.563044e-13
1.960200e+00 -2.505807e-13
1.960300e+00 -2.449709e-13
1.960400e+00 -2.394731e-13
1.960500e+00 -2.340851e-13
1.960600e+00 -2.288053e-13
1.960700e+00 -2.236315e-13
1.960800e+00 -2.185620e-13
1.960900e+00 -2.135949e-13
1.961000e+00 -2.087284e-13
1.961100e+00 -2.039607e-13
1.961200e+00 -1.992900e-13
1.961300e+00 -1.947147e-13
1.961400e+00 -1.902329e-13
1.961500e+00 -1.858432e-13
1.961600e+00 -1.815436e-13
1.961700e+00 -1.773328e-13
1.961800e+00 -1.732089e-13
1.961900e+00 -1.691706e-13
1.962000e+00 -1.652161e-13
1.962100e+00 -1.613440e-13
1.962200e+00 -1.575528e-13
1.962300e+00 -1.538410e-13
1.962400e+00 -1.502071e-13
1.962500e+00 -1.466498e-13
1.962600e+00 -1.431675e-13
1.962700e+00 -1.397589e-13
1.962800e+00 -1.364226e-13
1.962900e+00 -1.331574e-13
1.963000e+00 -1.299617e-13
1.963100e+00 -1.268345e-13
1.963200e+00 -1.237743e-13
1.963300e+00 -1.207799e-13
1.963400e+00 -1.178500e-13
1.963500e+00 -1.149836e-13
1.963600e+00 -1.121792e-13
1.963700e+00 -1.094359e-13
1.963800e+00 -1.067523e-13
1.963900e+00 -1.041274e-13
1.964000e+00 -1.015600e-13
1.964100e+00 -9.904899e-14
1.964200e+00 -9.659335e-14
1.964300e+00 -9.419198e-14
1.964400e+00 -9.184383e-14
1.964500e+00 -8.954785e-14
1.964600e+00 -8.730304e-14
1.964700e+00 -8.510838e-14
1.964800e+00 -8.296291e-14
1.964900e+00 -8.086564e-14
1.965000e+00 -7.881564e-14
1.965100e+00 -7.681196e-14
1.965200e+00 -7.485369e-14
1.965300e+00 -7.293992e-14
1.965400e+00 -7.106977e-14
1.965500e+00 -6.924236e-14
1.965600e+00 -6.745684e-14
1.965700e+00 -6.571236e-14
1.965800e+00 -6.400810e-14
1.965900e+00 -6.234325e-14
1.966000e+00 -6.071699e-14
1.966100e+00 -5.912856e-14
1.966200e+00 -5.757717e-14
1.966300e+00 -5.606207e-14
1.966400e+00 -5.458251e-14
1.966500e+00 -5.313776e-14
1.966600e+00 -5.172711e-14
1.966700e+00 -5.034984e-14
1.966800e+00 -4.900527e-14
1.966900e+00 -4.769270e-14
1.967000e+00 -4.641148e-14
1.967100e+00 -4.516095e-14
1.967200e+00 -4.394046e-14
1.967300e+00 -4.274938e-14
1.967400e+00 -4.158708e-14
1.967500e+00 -4.045295e-14
1.967600e+00 -3.934641e-14
1.967700e+00 -3.826685e-14
1.967800e+00 -3.721370e-14
1.967900e+00 -3.618639e-14
1.968000e+00 -3.518437e-14
1.968100e+00 -3.420709e-14
1.968200e+00 -3.325401e-14
1.968300e+00 -3.232461e-14
1.968400e+00 -3.141838e-14
1.968500e+00 -3.053479e-14
1.968600e+00 -2.967337e-14
1.968700e+00 -2.883361e-14
1.968800e+00 -2.801505e-14
1.968900e+00 -2.721720e-14
1.969000e+00 -2.643962e-14
1.969100e+00 -2.568185e-14
1.969200e+00 -2.494345e-14
1.969300e+00 -2.422397e-14
1.969400e+00 -2.352301e-14
1.969500e+00 -2.284013e-14
1.969600e+00 -2.217493e-14
1.969700e+00 -2.152701e-14
1.969800e+00 -2.089597e-14
1.969900e+00 -2.028142e-14
1.970000e+00 -1.968300e-14
1.970100e+00 -1.910032e-14
1.970200e+00 -1.853303e-14
1.970300e+00 -1.798076e-14
1.970400e+00 -1.744317e-14
1.970500e+00 -1.691991e-14
1.970600e+00 -1.641066e-14
1.970700e+00 -1.591507e-14
1.970800e+00 -1.543283e-14
1.970900e+00 -1.496363e-14
1.971000e+00 -1.450715e-14
1.971100e+00 -1.406308e-14
1.971200e+00 -1.363115e-14
1.971300e+00 -1.321104e-14
1.971400e+00 -1.280249e-14
1.971500e+00 -1.240520e-14
1.971600e+00 -1.201891e-14
1.971700e+00 -1.164335e-14
1.971800e+00 -1.127826e-14
1.971900e+00 -1.092338e-14
1.972000e+00 -1.057846e-14
1.972100e+00 -1.024325e-14
1.972200e+00 -9.917522e-15
1.972300e+00 -9.601032e-15
1.972400e+00 -9.293552e-15
1.972500e+00 -8.994857e-15
1.972600e+00 -8.704725e-15
1.972700e+00 -8.422942e-15
1.972800e+00 -8.149297e-15
1.972900e+00 -7.883583e-15
1.973000e+00 -7.625597e-15
1.973100e+00 -7.375144e-15
1.973200e+00 -7.132030e-15
1.973300e+00 -6.896065e-15
1.973400e+00 -6.667066e-15
1.973500e+00 -6.444851e-15
1.973600e+00 -6.229244e-15
1.973700e+00 -6.020073e-15
1.973800e+00 -5.817168e-15
1.973900e+00 -5.620366e-15
1.974000e+00 -5.429504e-15
1.974100e+00 -5.244425e-15
1.974200e+00 -5.064976e-15
1.974300e+00 -4.891005e-15
1.974400e+00 -4.722366e-15
1.974500e+00 -4.558916e-15
1.974600e+00 -4.400514e-15
1.974700e+00 -4.247024e-15
1.974800e+00 -4.098311e-15
1.974900e+00 -3.954244e-15
1.975000e+00 -3.814697e-15
1.975100e+00 -3.679545e-15
1.975200e+00 -3.548666e-15
1.975300e+00 -3.421941e-15
1.975400e+00 -3.299256e-15
1.975500e+00 -3.180495e-15
1.975600e+00 -3.065550e-15
1.975700e+00 -2.954313e-15
1.975800e+00 -2.846678e-15
1.975900e+00 -2.742543e-15
1.976000e+00 -2.641808e-15
1.976100e+00 -2.544375e-15
1.976200e+00 -2.450150e-15
1.976300e+00 -2.359039e-15
1.976400e+00 -2.270952e-15
1.976500e+00 -2.185802e-15
1.976600e+00 -2.103501e-15
1.976700e+00 -2.023966e-15
1.976800e+00 -1.947116e-15
1.976900e+00 -1.872871e-15
1.977000e+00 -1.801153e-15
1.977100e+00 -1.731886e-15
1.977200e+00 -1.664998e-15
1.977300e+00 -1.600415e-15
1.977400e+00 -1.538069e-15
1.977500e+00 -1.477892e-15
1.977600e+00 -1.419816e-15
1.977700e+00 -1.363778e-15
1.977800e+00 -1.309715e-15
1.977900e+00 -1.257565e-15
1.978000e+00 -1.207269e-15
1.978100e+00 -1.158769e-15
1.978200e+00 -1.112009e-15
1.978300e+00 -1.066934e-15
1.978400e+00 -1.023490e-15
1.978500e+00 -9.816262e-16
1.978600e+00 -9.412911e-16
1.978700e+00 -9.024360e-16
1.978800e+00 -8.650132e-16
1.978900e+00 -8.289763e-16
1.979000e+00 -7.942800e-16
1.979100e+00 -7.608807e-16
1.979200e+00 -7.287356e-16
1.979300e+00 -6.978034e-16
1.979400e+00 -6.680439e-16
1.979500e+00 -6.394178e-16
1.979600e+00 -6.118874e-16
1.979700e+00 -5.854157e-16
1.979800e+00 -5.599669e-16
1.979900e+00 -5.355062e-16
1.980000e+00 -5.120000e-16
1.980100e+00 -4.894155e-16
1.980200e+00 -4.677208e-16
1.980300e+00 -4.468853e-16
1.980400e+00 -4.268789e-16
1.980500e+00 -4.076726e-16
1.980600e+00 -3.892383e-16
1.980700e+00 -3.715487e-16
1.980800e+00 -3.545774e-16
1.980900e+00 -3.382987e-16
1.981000e+00 -3.226877e-16
1.981100e+00 -3.077204e-16
1.981200e+00 -2.933733e-16
1.981300e+00 -2.796240e-16
1.981400e+00 -2.664505e-16
1.981500e+00 -2.538315e-16
1.981600e+00 -2.417466e-16
1.981700e+00 -2.301759e-16
1.981800e+00 -2.191001e-16
1.981900e+00 -2.085005e-16
1.982000e+00 -1.983593e-16
1.982100e+00 -1.886589e-16
1.982200e+00 -1.793825e-16
1.982300e+00 -1.705137e-16
1.982400e+00 -1.620369e-16
1.982500e+00 -1.539368e-16
1.982600e+00 -1.461986e-16
1.982700e+00 -1.388081e-16
1.982800e+00 -1.317516e-16
1.982900e+00 -1.250158e-16
1.983000e+00 -1.185879e-16
1.983100e+00 -1.124554e-16
1.983200e+00 -1.066065e-16
1.983300e+00 -1.010295e-16
1.983400e+00 -9.571341e-17
1.983500e+00 -9.064743e-17
1.983600e+00 -8.582121e-17
1.983700e+00 -8.122476e-17
1.983800e+00 -7.684845e-17
1.983900e+00 -7.268301e-17
1.984000e+00 -6.871948e-17
1.984100e+00 -6.494925e-17
1.984200e+00 -6.136402e-17
1.984300e+00 -5.795580e-17
1.984400e+00 -5.471689e-17
1.984500e+00 -5.163989e-17
1.984600e+00 -4.871767e-17
1.984700e+00 -4.594337e-17
1.984800e+00 -4.331041e-17
1.984900e+00 -4.081244e-17
1.985000e+00 -3.844336e-17
1.985100e+00 -3.619732e-17
1.985200e+00 -3.406869e-17
1.985300e+00 -3.205206e-17
1.985400e+00 -3.014225e-17
1.985500e+00 -2.833427e-17
1.985600e+00 -2.662333e-17
1.985700e+00 -2.500485e-17
1.985800e+00 -2.347443e-17
1.985900e+00 -2.202785e-17
1.986000e+00 -2.066105e-17
1.986100e+00 -1.937016e-17
1.986200e+00 -1.815147e-17
1.986300e+00 -1.700142e-17
1.986400e+00 -1.591660e-17
1.986500e+00 -1.489375e-17
1.986600e+00 -1.392975e-17
1.986700e+00 -1.302161e-17
1.986800e+00 -1.216649e-17
1.986900e+00 -1.136166e-17
1.987000e+00 -1.060450e-17
1.987100e+00 -9.892530e-18
1.987200e+00 -9.223372e-18
1.987300e+00 -8.594755e-18
1.987400e+00 -8.004513e-18
1.987500e+00 -7.450581e-18
1.987600e+00 -6.930988e-18
1.987700e+00 -6.443859e-18
1.987800e+00 -5.987403e-18
1.987900e+00 -5.559917e-18
1.988000e+00 -5.159780e-18
1.988100e+00 -4.785449e-18
1.988200e+00 -4.435454e-18
1.988300e+00 -4.108400e-18
1.988400e+00 -3.802961e-18
1.988500e+00 -3.517876e-18
1.988600e+00 -3.251949e-18
1.988700e+00 -3.004042e-18
1.988800e+00 -2.773079e-18
1.988900e+00 -2.558037e-18
1.989000e+00 -2.357948e-18
1.989100e+00 -2.171893e-18
1.989200e+00 -1.999005e-18
1.989300e+00 -1.838459e-18
1.989400e+00 -1.689479e-18
1.989500e+00 -1.551328e-18
1.989600e+00 -1.423312e-18
1.989700e+00 -1.304773e-18
1.989800e+00 -1.195093e-18
1.989900e+00 -1.093685e-18
1.990000e+00 -1.000000e-18
1.990100e+00 -9.135172e-19
1.990200e+00 -8.337478e-19
1.990300e+00 -7.602311e-19
1.990400e+00 -6.925340e-19
1.990500e+00 -6.302494e-19
1.990600e+00 -5.729948e-19
1.990700e+00 -5.204111e-19
1.990800e+00 -4.721614e-19
1.990900e+00 -4.279298e-19
1.991000e+00 -3.874205e-19
1.991100e+00 -3.503564e-19
1.991200e+00 -3.164784e-19
1.991300e+00 -2.855442e-19
1.991400e+00 -2.573274e-19
1.991500e+00 -2.316169e-19
1.991600e+00 -2.082157e-19
1.991700e+00 -1.869403e-19
1.991800e+00 -1.676196e-19
1.991900e+00 -1.500946e-19
1.992000e+00 -1.342177e-19
1.992100e+00 -1.198516e-19
1.992200e+00 -1.068689e-19
1.992300e+00 -9.515169e-20
1.992400e+00 -8.459064e-20
1.992500e+00 -7.508469e-20
1.992600e+00 -6.654041e-20
1.992700e+00 -5.887159e-20
1.992800e+00 -5.199870e-20
1.992900e+00 -4.584850e-20
1.993000e+00 -4.035361e-20
1.993100e+00 -3.545209e-20
1.993200e+00 -3.108710e-20
1.993300e+00 -2.720653e-20
1.993400e+00 -2.376268e-20
1.993500e+00 -2.071191e-20
1.993600e+00 -1.801440e-20
1.993700e+00 -1.563381e-20
1.993800e+00 -1.353709e-20
1.993900e+00 -1.169415e-20
1.994000e+00 -1.007770e-20
1.994100e+00 -8.662996e-21
1.994200e+00 -7.427659e-21
1.994300e+00 -6.351462e-21
1.994400e+00 -5.416169e-21
1.994500e+00 -4.605367e-21
1.994600e+00 -3.904306e-21
1.994700e+00 -3.299764e-21
1.994800e+00 -2.779906e-21
1.994900e+00 -2.334165e-21
1.995000e+00 -1.953125e-21
1.995100e+00 -1.628414e-21
1.995200e+00 -1.352605e-21
1.995300e+00 -1.119130e-21
1.995400e+00 -9.221902e-22
1.995500e+00 -7.566806e-22
1.995600e+00 -6.181218e-22
1.995700e+00 -5.025926e-22
1.995800e+00 -4.066714e-22
1.995900e+00 -3.273819e-22
1.996000e+00 -2.621440e-22
1.996100e+00 -2.087284e-22
1.996200e+00 -1.652161e-22
1.996300e+00 -1.299617e-22
1.996400e+00 -1.015600e-22
1.996500e+00 -7.881564e-23
1.996600e+00 -6.071699e-23
1.996700e+00 -4.641148e-23
1.996800e+00 -3.518437e-23
1.996900e+00 -2.643962e-23
1.997000e+00 -1.968300e-23
1.997100e+00 -1.450715e-23
1.997200e+00 -1.057846e-23
1.997300e+00 -7.625597e-24
1.997400e+00 -5.429504e-24
1.997500e+00 -3.814697e-24
1.997600e+00 -2.641808e-24
1.997700e+00 -1.801153e-24
1.997800e+00 -1.207269e-24
1.997900e+00 -7.942800e-25
1.998000e+00 -5.120000e-25
1.998100e+00 -3.226877e-25
1.998200e+00 -1.983593e-25
1.998300e+00 -1.185879e-25
1.998400e+00 -6.871948e-26
1.998500e+00 -3.844336e-26
1.998600e+00 -2.066105e-26
1.998700e+00 -1.060450e-26
1.998800e+00 -5.159780e-27
1.998900e+00 -2.357948e-27
1.999000e+00 -1.000000e-27
1.999100e+00 -3.874205e-28
1.999200e+00 -1.342177e-28
1.999300e+00 -4.035361e-29
1.999400e+00 -1.007770e-29
1.999500e+00 -1.953125e-30
1.999600e+00 -2.621440e-31
1.999700e+00 -1.968300e-32
1.999800e+00 -5.120000e-34
1.999900e+00 -1.000000e-36
2.000000e+00 -3.439553e-127
2.000100e+00 1.000000e-36
2.000200e+00 5.120000e-34
2.000300e+00 1.968300e-32
2.000400e+00 2.621440e-31
2.000500e+00 1.953125e-30
2.000600e+00 1.007770e-29
2.000700e+00 4.035361e-29
2.000800e+00 1.342177e-28
2.000900e+00 3.874205e-28
2.001000e+00 1.000000e-27
2.001100e+00 2.357948e-27
2.001200e+00 5.159780e-27
2.001300e+00 1.060450e-26
2.001400e+00 2.066105e-26
2.001500e+00 3.844336e-26
2.001600e+00 6.871948e-26
2.001700e+00 1.185879e-25
2.001800e+00 1.983593e-25
2.001900e+00 3.226877e-25
2.002000e+00 5.120000e-25
2.002100e+00 7.942800e-25
2.002200e+00 1.207269e-24
2.002300e+00 1.801153e-24
2.002400e+00 2.641808e-24
2.002500e+00 3.814697e-24
2.002600e+00 5.429504e-24
2.002700e+00 7.625597e-24
2.002800e+00 1.057846e-23
2.002900e+00 1.450715e-23
2.003000e+00 1.968300e-23
2.003100e+00 2.643962e-23
2.003200e+00 3.518437e-23
2.003300e+00 4.641148e-23
2.003400e+00 6.071699e-23
2.003500e+00 7.881564e-23
2.003600e+00 1.015600e-22
2.003700e+00 1.299617e-22
2.003800e+00 1.652161e-22
2.003900e+00 2.087284e-22
2.004000e+00 2.621440e-22
2.004100e+00 3.273819e-22
2.004200e+00 4.066714e-22
2.004300e+00 5.025926e-22
2.004400e+00 6.181218e-22
2.004500e+00 7.566806e-22
2.004600e+00 9.221902e-22
2.004700e+00 1.119130e-21
2.004800e+00 1.352605e-21
2.004900e+00 1.628414e-21
2.005000e+00 1.953125e-21
2.005100e+00 2.334165e-21
2.005200e+00 2.779906e-21
2.005300e+00 3.299764e-21
2.005400e+00 3.904306e-21
2.005500e+00 4.605367e-21
2.005600e+00 5.416169e-21
2.005700e+00 6.351462e-21
2.005800e+00 7.427659e-21
2.005900e+00 8.662996e-21
2.006000e+00 1.007770e-20
2.006100e+00 1.169415e-20
2.006200e+00 1.353709e-20
2.006300e+00 1.563381e-20
2.006400e+00 1.801440e-20
2.006500e+00 2.071191e-20
2.006600e+00 2.376268e-20
2.006700e+00 2.720653e-20
2.006800e+00 3.108710e-20
2.006900e+00 3.545209e-20
2.007000e+00 4.035361e-20
2.007100e+00 4.584850e-20
2.007200e+00 5.199870e-20
2.007300e+00 5.887159e-20
2.007400e+00 6.654041e-20
2.007500e+00 7.508469e-20
2.007600e+00 8.459064e-20
2.007700e+00 9.515169e-20
2.007800e+00 1.068689e-19
2.007900e+00 1.198516e-19
2.008000e+00 1.342177e-19
2.008100e+00 1.500946e-19
2.008200e+00 1.676196e-19
2.008300e+00 1.869403e-19
2.008400e+00 2.082157e-19
2.008500e+00 2.316169e-19
2.008600e+00 2.573274e-19
2.008700e+00 2.855442e-19
2.008800e+00 3.164784e-19
2.008900e+00 3.503564e-19
2.009000e+00 3.874205e-19
2.009100e+00 4.279298e-19
2.009200e+00 4.721614e-19
2.009300e+00 5.204111e-19
2.009400e+00 5.729948e-19
2.009500e+00 6.302494e-19
2.009600e+00 6.925340e-19
2.009700e+00 7.602311e-19
2.009800e+00 8.337478e-19
2.009900e+00 9.135172e-19
2.010000e+00 1.000000e-18
2.010100e+00 1.093685e-18
2.010200e+00 1.195093e-18
2.010300e+00 1.304773e-18
2.010400e+00 1.423312e-18
2.010500e+00 1.551328e-18
2.010600e+00 1.689479e-18
2.010700e+00 1.838459e-18
2.010800e+00 1.999005e-18
2.010900e+00 2.171893e-18
2.011000e+00 2.357948e-18
2.011100e+00 2.558037e-18
2.011200e+00 2.773079e-18
2.011300e+00 3.004042e-18
2.011400e+00 3.251949e-18
2.011500e+00 3.517876e-18
2.011600e+00 3.802961e-18
2.011700e+00 4.108400e-18
2.011800e+00 4.435454e-18
2.011900e+00 4.785449e-18
2.012000e+00 5.159780e-18
2.012100e+00 5.559917e-18
2.012200e+00 5.987403e-18
2.012300e+00 6.443859e-18
2.012400e+00 6.930988e-18
2.012500e+00 7.450581e-18
2.012600e+00 8.004513e-18
2.012700e+00 8.594755e-18
2.012800e+00 9.223372e-18
2.012900e+00 9.892530e-18
2.013000e+00 1.060450e-17
2.013100e+00 1.136166e-17
2.013200e+00 1.216649e-17
2.013300e+00 1.302161e-17
2.013400e+00 1.392975e-17
2.013500e+00 1.489375e-17
2.013600e+00 1.591660e-17
2.013700e+00 1.700142e-17
2.013800e+00 1.815147e-17
2.013900e+00 1.937016e-17
2.014000e+00 2.066105e-17
2.014100e+00 2.202785e-17
2.014200e+00 2.347443e-17
2.014300e+00 2.500485e-17
2.014400e+00 2.662333e-17
2.014500e+00 2.833427e-17
2.014600e+00 3.014225e-17
2.014700e+00 3.205206e-17
2.014800e+00 3.406869e-17
2.014900e+00 3.619732e-17
2.015000e+00 3.844336e-17
2.015100e+00 4.081244e-17
2.015200e+00 4.331041e-17
2.015300e+00 4.594337e-17
2.015400e+00 4.871767e-17
2.015500e+00 5.163989e-17
2.015600e+00 5.471689e-17
2.015700e+00 5.795580e-17
2.015800e+00 6.136402e-17
2.015900e+00 6.494925e-17
2.016000e+00 6.871948e-17
2.016100e+00 7.268301e-17
2.016200e+00 7.684845e-17
2.016300e+00 8.122476e-17
2.016400e+00 8.582121e-17
2.016500e+00 9.064743e-17
2.016600e+00 9.571341e-17
2.016700e+00 1.010295e-16
2.016800e+00 1.066065e-16
2.016900e+00 1.124554e-16
2.017000e+00 1.185879e-16
2.017100e+00 1.250158e-16
2.017200e+00 1.317516e-16
2.017300e+00 1.388081e-16
2.017400e+00 1.461986e-16
2.017500e+00 1.539368e-16
2.017600e+00 1.620369e-16
2.017700e+00 1.705137e-16
2.017800e+00 1.793825e-16
2.017900e+00 1.886589e-16
2.018000e+00 1.983593e-16
2.018100e+00 2.085005e-16
2.018200e+00 2.191001e-16
2.018300e+00 2.301759e-16
2.018400e+00 2.417466e-16
2.018500e+00 2.538315e-16
2.018600e+00 2.664505e-16
2.018700e+00 2.796240e-16
2.018800e+00 2.933733e-16
2.018900e+00 3.077204e-16
2.019000e+00 3.226877e-16
2.019100e+00 3.382987e-16
2.019200e+00 3.545774e-16
2.019300e+00 3.715487e-16
2.019400e+00 3.892383e-16
2.019500e+00 4.076726e-16
2.019600e+00 4.268789e-16
2.019700e+00 4.468853e-16
2.019800e+00 4.677208e-16
2.019900e+00 4.894155e-16
2.020000e+00 5.120000e-16
2.020100e+00 5.355062e-16
2.020200e+00 5.599669e-16
2.020300e+00 5.854157e-16
2.020400e+00 6.118874e-16
2.020500e+00 6.394178e-16
2.020600e+00 6.680439e-16
2.020700e+00 6.978034e-16
2.020800e+00 7.287356e-16
2.020900e+00 7.608807e-16
2.021000e+00 7.942800e-16
2.021100e+00 8.289763e-16
2.021200e+00 8.650132e-16
2.021300e+00 9.024360e-16
2.021400e+00 9.412911e-16
2.021500e+00 9.816262e-16
2.021600e+00 1.023490e-15
2.021700e+00 1.066934e-15
2.021800e+00 1.112009e-15
2.021900e+00 1.158769e-15
2.022000e+00 1.207269e-15
2.022100e+00 1.257565e-15
2.022200e+00 1.309715e-15
2.022300e+00 1.363778e-15
2.022400e+00 1.419816e-15
2.022500e+00 1.477892e-15
2.022600e+00 1.538069e-15
2.022700e+00 1.600415e-15
2.022800e+00 1.664998e-15
2.022900e+00 1.731886e-15
2.023000e+00 1.801153e-15
2.023100e+00 1.872871e-15
2.023200e+00 1.947116e-15
2.023300e+00 2.023966e-15
2.023400e+00 2.103501e-15
2.023500e+00 2.185802e-15
2.023600e+00 2.270952e-15
2.023700e+00 2.359039e-15
2.023800e+00 2.450150e-15
2.023900e+00 2.544375e-15
2.024000e+00 2.641808e-15
2.024100e+00 2.742543e-15
2.024200e+00 2.846678e-15
2.024300e+00 2.954313e-15
2.024400e+00 3.065550e-15
2.024500e+00 3.180495e-15
2.024600e+00 3.299256e-15
2.024700e+00 3.421941e-15
2.024800e+00 3.548666e-15
2.024900e+00 3.679545e-15
2.025000e+00 3.814697e-15
2.025100e+00 3.954244e-15
2.025200e+00 4.098311e-15
2.025300e+00 4.247024e-15
2.025400e+00 4.400514e-15
2.025500e+00 4.558916e-15
2.025600e+00 4.722366e-15
2.025700e+00 4.891005e-15
2.025800e+00 5.064976e-15
2.025900e+00 5.244425e-15
2.026000e+00 5.429504e-15
2.026100e+00 5.620366e-15
2.026200e+00 5.817168e-15
2.026300e+00 6.020073e-15
2.026400e+00 6.229244e-15
2.026500e+00 6.444851e-15
2.026600e+00 6.667066e-15
2.026700e+00 6.896065e-15
2.026800e+00 7.132030e-15
2.026900e+00 7.375144e-15
2.027000e+00 7.625597e-15
2.027100e+00 7.883583e-15
2.027200e+00 8.149297e-15
2.027300e+00 8.422942e-15
2.027400e+00 8.704725e-15
2.027500e+00 8.994857e-15
2.027600e+00 9.293552e-15
2.027700e+00 9.601032e-15
2.027800e+00 9.917522e-15
2.027900e+00 1.024325e-14
2.028000e+00 1.057846e-14
2.028100e+00 1.092338e-14
2.028200e+00 1.127826e-14
2.028300e+00 1.164335e-14
2.028400e+00 1.201891e-14
2.028500e+00 1.240520e-14
2.028600e+00 1.280249e-14
2.028700e+00 1.321104e-14
2.028800e+00 1.363115e-14
2.028900e+00 1.406308e-14
2.029000e+00 1.450715e-14
2.029100e+00 1.496363e-14
2.029200e+00 1.543283e-14
2.029300e+00 1.591507e-14
2.029400e+00 1.641066e-14
2.029500e+00 1.691991e-14
2.029600e+00 1.744317e-14
2.029700e+00 1.798076e-14
2.029800e+00 1.853303e-14
2.029900e+00 1.910032e-14
2.030000e+00 1.968300e-14
2.030100e+00 2.028142e-14
2.030200e+00 2.089597e-14
2.030300e+00 2.152701e-14
2.030400e+00 2.217493e-14
2.030500e+00 2.284013e-14
2.030600e+00 2.352301e-14
2.030700e+00 2.422397e-14
2.030800e+00 2.494345e-14
2.030900e+00 2.568185e-14
2.031000e+00 2.643962e-14
2.031100e+00 2.721720e-14
2.031200e+00 2.801505e-14
2.031300e+00 2.883361e-14
2.031400e+00 2.967337e-14
2.031500e+00 3.053479e-14
2.031600e+00 3.141838e-14
2.031700e+00 3.232461e-14
2.031800e+00 3.325401e-14
2.031900e+00 3.420709e-14
2.032000e+00 3.518437e-14
2.032100e+00 3.618639e-14
2.032200e+00 3.721370e-14
2.032300e+00 3.826685e-14
2.032400e+00 3.934641e-14
2.032500e+00 4.045295e-14
2.032600e+00 4.158708e-14
2.032700e+00 4.274938e-14
2.032800e+00 4.394046e-14
2.032900e+00 4.516095e-14
2.033000e+00 4.641148e-14
2.033100e+00 4.769270e-14
2.033200e+00 4.900527e-14
2.033300e+00 5.034984e-14
2.033400e+00 5.172711e-14
2.033500e+00 5.313776e-14
2.033600e+00 5.458251e-14
2.033700e+00 5.606207e-14
2.033800e+00 5.757717e-14
2.033900e+00 5.912856e-14
2.034000e+00 6.071699e-14
2.034100e+00 6.234325e-14
2.034200e+00 6.400810e-14
2.034300e+00 6.571236e-14
2.034400e+00 6.745684e-14
2.034500e+00 6.924236e-14
2.034600e+00 7.106977e-14
2.034700e+00 7.293992e-14
2.034800e+00 7.485369e-14
2.034900e+00 7.681196e-14
2.035000e+00 7.881564e-14
2.035100e+00 8.086564e-14
2.035200e+00 8.296291e-14
2.035300e+00 8.510838e-14
2.035400e+00 8.730304e-14
2.035500e+00 8.954785e-14
2.035600e+00 9.184383e-14
2.035700e+00 9.419198e-14
2.035800e+00 9.659335e-14
2.035900e+00 9.904899e-14
2.036000e+00 1.015600e-13
2.036100e+00 1.041274e-13
2.036200e+00 1.067523e-13
2.036300e+00 1.094359e-13
2.036400e+00 1.121792e-13
2.036500e+00 1.149836e-13
2.036600e+00 1.178500e-13
2.036700e+00 1.207799e-13
2.036800e+00 1.237743e-13
2.036900e+00 1.268345e-13
2.037000e+00 1.299617e-13
2.037100e+00 1.331574e-13
2.037200e+00 1.364226e-13
2.037300e+00 1.397589e-13
2.037400e+00 1.431675e-13
2.037500e+00 1.466498e-13
2.037600e+00 1.502071e-13
2.037700e+00 1.538410e-13
2.037800e+00 1.575528e-13
2.037900e+00 1.613440e-13
2.038000e+00 1.652161e-13
2.038100e+00 1.691706e-13
2.038200e+00 1.732089e-13
2.038300e+00 1.773328e-13
2.038400e+00 1.815436e-13
2.038500e+00 1.858432e-13
2.038600e+00 1.902329e-13
2.038700e+00 1.947147e-13
2.038800e+00 1.992900e-13
2.038900e+00 2.039607e-13
2.039000e+00 2.087284e-13
2.039100e+00 2.135949e-13
2.039200e+00 2.185620e-13
2.039300e+00 2.236315e-13
2.039400e+00 2.288053e-13
2.039500e+00 2.340851e-13
2.039600e+00 2.394731e-13
2.039700e+00 2.449709e-13
2.039800e+00 2.505807e-13
2.039900e+00 2.563044e-13
2.040000e+00 2.621440e-13
2.040100e+00 2.681016e-13
2.040200e+00 2.741792e-13
2.040300e+00 2.803790e-13
2.040400e+00 2.867030e-13
2.040500e+00 2.931536e-13
2.040600e+00 2.997328e-13
2.040700e+00 3.064430e-13
2.040800e+00 3.132863e-13
2.040900e+00 3.202652e-13
2.041000e+00 3.273819e-13
2.041100e+00 3.346389e-13
2.041200e+00 3.420385e-13
2.041300e+00 3.495831e-13
2.041400e+00 3.572754e-13
2.041500e+00 3.651177e-13
2.041600e+00 3.731127e-13
2.041700e+00 3.812629e-13
2.041800e+00 3.895709e-13
2.041900e+00 3.980395e-13
2.042000e+00 4.066714e-13
2.042100e+00 4.154692e-13
2.042200e+00 4.244358e-13
2.042300e+00 4.335741e-13
2.042400e+00 4.428868e-13
2.042500e+00 4.523768e-13
2.042600e+00 4.620473e-13
2.042700e+00 4.719010e-13
2.042800e+00 4.819411e-13
2.042900e+00 4.921706e-13
2.043000e+00 5.025926e-13
2.043100e+00 5.132104e-13
2.043200e+00 5.240271e-13
2.043300e+00 5.350459e-13
2.043400e+00 5.462703e-13
2.043500e+00 5.577034e-13
2.043600e+00 5.693488e-13
2.043700e+00 5.812098e-13
2.043800e+00 5.932900e-13
2.043900e+00 6.055928e-13
2.044000e+00 6.181218e-13
2.044100e+00 6.308808e-13
2.044200e+00 6.438733e-13
2.044300e+00 6.571031e-13
2.044400e+00 6.705740e-13
2.044500e+00 6.842899e-13
2.044600e+00 6.982545e-13
2.044700e+00 7.124718e-13
2.044800e+00 7.269460e-13
2.044900e+00 7.416809e-13
2.045000e+00 7.566806e-13
2.045100e+00 7.719495e-13
2.045200e+00 7.874916e-13
2.045300e+00 8.033112e-13
2.045400e+00 8.194127e-13
2.045500e+00 8.358004e-13
2.045600e+00 8.524788e-13
2.045700e+00 8.694524e-13
2.045800e+00 8.867257e-13
2.045900e+00 9.043034e-13
2.046000e+00 9.221902e-13
2.046100e+00 9.403907e-13
2.046200e+00 9.589099e-13
2.046300e+00 9.777525e-13
2.046400e+00 9.969235e-13
2.046500e+00 1.016428e-12
2.046600e+00 1.036271e-12
2.046700e+00 1.056457e-12
2.046800e+00 1.076992e-12
2.046900e+00 1.097882e-12
2.047000e+00 1.119130e-12
2.047100e+00 1.140744e-12
2.047200e+00 1.162728e-12
2.047300e+00 1.185087e-12
2.047400e+00 1.207828e-12
2.047500e+00 1.230956e-12
2.047600e+00 1.254477e-12
2.047700e+00 1.278396e-12
2.047800e+00 1.302720e-12
2.047900e+00 1.327454e-12
2.048000e+00 1.352605e-12
2.048100e+00 1.378179e-12
2.048200e+00 1.404182e-12
2.048300e+00 1.430620e-12
2.048400e+00 1.457499e-12
2.048500e+00 1.484826e-12
2.048600e+00 1.512608e-12
2.048700e+00 1.540851e-12
2.048800e+00 1.569562e-12
2.048900e+00 1.598747e-12
2.049000e+00 1.628414e-12
2.049100e+00 1.658569e-12
2.049200e+00 1.689219e-12
2.049300e+00 1.720372e-12
2.049400e+00 1.752034e-12
2.049500e+00 1.784213e-12
2.049600e+00 1.816917e-12
2.049700e+00 1.850152e-12
2.049800e+00 1.883927e-12
2.049900e+00 1.918249e-12
2.050000e+00 1.953125e-12
2.050100e+00 1.988564e-12
2.050200e+00 2.024573e-12
2.050300e+00 2.061161e-12
2.050400e+00 2.098335e-12
2.050500e+00 2.136104e-12
2.050600e+00 2.174476e-12
2.050700e+00 2.213460e-12
2.050800e+00 2.253063e-12
2.050900e+00 2.293296e-12
2.051000e+00 2.334165e-12
2.051100e+00 2.375681e-12
2.051200e+00 2.417852e-12
2.051300e+00 2.460686e-12
2.051400e+00 2.504195e-12
2.051500e+00 2.548385e-12
2.051600e+00 2.593267e-12
2.051700e+00 2.638851e-12
2.051800e+00 2.685146e-12
2.051900e+00 2.732161e-12
2.052000e+00 2.779906e-12
2.052100e+00 2.828391e-12
2.052200e+00 2.877627e-12
2.052300e+00 2.927623e-12
2.052400e+00 2.978390e-12
2.052500e+00 3.029938e-12
2.052600e+00 3.082277e-12
2.052700e+00 3.135419e-12
2.052800e+00 3.189373e-12
2.052900e+00 3.244151e-12
2.053000e+00 3.299764e-12
2.053100e+00 3.356222e-12
2.053200e+00 3.413538e-12
2.053300e+00 3.471722e-12
2.053400e+00 3.530785e-12
2.053500e+00 3.590741e-12
2.053600e+00 3.651599e-12
2.053700e+00 3.713373e-12
2.053800e+00 3.776074e-12
2.053900e+00 3.839714e-12
2.054000e+00 3.904306e-12
2.054100e+00 3.969862e-12
2.054200e+00 4.036394e-12
2.054300e+00 4.103916e-12
2.054400e+00 4.172440e-12
2.054500e+00 4.241979e-12
2.054600e+00 4.312546e-12
2.054700e+00 4.384155e-12
2.054800e+00 4.456819e-12
2.054900e+00 4.530552e-12
2.055000e+00 4.605367e-12
2.055100e+00 4.681278e-12
2.055200e+00 4.758299e-12
2.055300e+00 4.836444e-12
2.055400e+00 4.915728e-12
2.055500e+00 4.996166e-12
2.055600e+00 5.077771e-12
2.055700e+00 5.160559e-12
2.055800e+00 5.244545e-12
2.055900e+00 5.329743e-12
2.056000e+00 5.416169e-12
2.056100e+00 5.503839e-12
2.056200e+00 5.592768e-12
2.056300e+00 5.682972e-12
2.056400e+00 5.774467e-12
2.056500e+00 5.867269e-12
2.056600e+00 5.961395e-12
2.056700e+00 6.056860e-12
2.056800e+00 6.153682e-12
2.056900e+00 6.251877e-12
2.057000e+00 6.351462e-12
2.057100e+00 6.452455e-12
2.057200e+00 6.554873e-12
2.057300e+00 6.658733e-12
2.057400e+00 6.764053e-12
2.057500e+00 6.870852e-12
2.057600e+00 6.979147e-12
2.057700e+00 7.088957e-12
2.057800e+00 7.200299e-12
2.057900e+00 7.313194e-12
2.058000e+00 7.427659e-12
2.058100e+00 7.543714e-12
2.058200e+00 7.661377e-12
2.058300e+00 7.780670e-12
2.058400e+00 7.901611e-12
2.058500e+00 8.024219e-12
2.058600e+00 8.148516e-12
2.058700e+00 8.274522e-12
2.058800e+00 8.402256e-12
2.058900e+00 8.531741e-12
2.059000e+00 8.662996e-12
2.059100e+00 8.796043e-12
2.059200e+00 8.930903e-12
2.059300e+00 9.067598e-12
2.059400e+00 9.206149e-12
2.059500e+00 9.346579e-12
2.059600e+00 9.488910e-12
2.059700e+00 9.633165e-12
2.059800e+00 9.779365e-12
2.059900e+00 9.927534e-12
2.060000e+00 1.007770e-11
2.060100e+00 1.022987e-11
2.060200e+00 1.038409e-11
2.060300e+00 1.054037e-11
2.060400e+00 1.069874e-11
2.060500e+00 1.085921e-11
2.060600e+00 1.102183e-11
2.060700e+00 1.118660e-11
2.060800e+00 1.135356e-11
2.060900e+00 1.152274e-11
2.061000e+00 1.169415e-11
2.061100e+00 1.186782e-11
2.061200e+00 1.204378e-11
2.061300e+00 1.222206e-11
2.061400e+00 1.240267e-11
2.061500e+00 1.258566e-11
2.061600e+00 1.277104e-11
2.061700e+00 1.295885e-11
2.061800e+00 1.314911e-11
2.061900e+00 1.334184e-11
2.062000e+00 1.353709e-11
2.062100e+00 1.373487e-11
2.062200e+00 1.393521e-11
2.062300e+00 1.413814e-11
2.062400e+00 1.434370e-11
2.062500e+00 1.455192e-11
2.062600e+00 1.476281e-11
2.062700e+00 1.497642e-11
2.062800e+00 1.519276e-11
2.062900e+00 1.541189e-11
2.063000e+00 1.563381e-11
2.063100e+00 1.585858e-11
2.063200e+00 1.608621e-11
2.063300e+00 1.631674e-11
2.063400e+00 1.655020e-11
2.063500e+00 1.678663e-11
2.063600e+00 1.702606e-11
2.063700e+00 1.726851e-11
2.063800e+00 1.751403e-11
2.063900e+00 1.776265e-11
2.064000e+00 1.801440e-11
2.064100e+00 1.826932e-11
2.064200e+00 1.852743e-11
2.064300e+00 1.878879e-11
2.064400e+00 1.905341e-11
2.064500e+00 1.932135e-11
2.064600e+00 1.959263e-11
2.064700e+00 1.986729e-11
2.064800e+00 2.014536e-11
2.064900e+00 2.042689e-11
2.065000e+00 2.071191e-11
2.065100e+00 2.100046e-11
2.065200e+00 2.129258e-11
2.065300e+00 2.158831e-11
2.065400e+00 2.188768e-11
2.065500e+00 2.219074e-11
2.065600e+00 2.249752e-11
2.065700e+00 2.280806e-11
2.065800e+00 2.312241e-11
2.065900e+00 2.344060e-11
2.066000e+00 2.376268e-11
2.066100e+00 2.408869e-11
2.066200e+00 2.441866e-11
2.066300e+00 2.475265e-11
2.066400e+00 2.509070e-11
2.066500e+00 2.543284e-11
2.066600e+00 2.577912e-11
2.066700e+00 2.612958e-11
2.066800e+00 2.648428e-11
2.066900e+00 2.684325e-11
2.067000e+00 2.720653e-11
2.067100e+00 2.757418e-11
2.067200e+00 2.794624e-11
2.067300e+00 2.832276e-11
2.067400e+00 2.870378e-11
2.067500e+00 2.908935e-11
2.067600e+00 2.947951e-11
2.067700e+00 2.987432e-11
2.067800e+00 3.027382e-11
2.067900e+00 3.067807e-11
2.068000e+00 3.108710e-11
2.068100e+00 3.150098e-11
2.068200e+00 3.191974e-11
2.068300e+00 3.234345e-11
2.068400e+00 3.277215e-11
2.068500e+00 3.320589e-11
2.068600e+00 3.364473e-11
2.068700e+00 3.408872e-11
2.068800e+00 3.453790e-11
2.068900e+00 3.499234e-11
2.069000e+00 3.545209e-11
2.069100e+00 3.591720e-11
2.069200e+00 3.638772e-11
2.069300e+00 3.686372e-11
2.069400e+00 3.734524e-11
2.069500e+00 3.783234e-11
2.069600e+00 3.832509e-11
2.069700e+00 3.882353e-11
2.069800e+00 3.932772e-11
2.069900e+00 3.983773e-11
2.070000e+00 4.035361e-11
2.070100e+00 4.087541e-11
2.070200e+00 4.140321e-11
2.070300e+00 4.193705e-11
2.070400e+00 4.247701e-11
2.070500e+00 4.302313e-11
2.070600e+00 4.357549e-11
2.070700e+00 4.413415e-11
2.070800e+00 4.469916e-11
2.070900e+00 4.527059e-11
2.071000e+00 4.584850e-11
2.071100e+00 4.643296e-11
2.071200e+00 4.702404e-11
2.071300e+00 4.762180e-11
2.071400e+00 4.822630e-11
2.071500e+00 4.883761e-11
2.071600e+00 4.945580e-11
2.071700e+00 5.008093e-11
2.071800e+00 5.071308e-11
2.071900e+00 5.135231e-11
2.072000e+00 5.199870e-11
2.072100e+00 5.265230e-11
2.072200e+00 5.331320e-11
2.072300e+00 5.398147e-11
2.072400e+00 5.465716e-11
2.072500e+00 5.534037e-11
2.072600e+00 5.603116e-11
2.072700e+00 5.672960e-11
2.072800e+00 5.743577e-11
2.072900e+00 5.814974e-11
2.073000e+00 5.887159e-11
2.073100e+00 5.960139e-11
2.073200e+00 6.033923e-11
2.073300e+00 6.108517e-11
2.073400e+00 6.183930e-11
2.073500e+00 6.260169e-11
2.073600e+00 6.337243e-11
2.073700e+00 6.415158e-11
2.073800e+00 6.493925e-11
2.073900e+00 6.573550e-11
2.074000e+00 6.654041e-11
2.074100e+00 6.735407e-11
2.074200e+00 6.817657e-11
2.074300e+00 6.900798e-11
2.074400e+00 6.984839e-11
2.074500e+00 7.069789e-11
2.074600e+00 7.155656e-11
2.074700e+00 7.242449e-11
2.074800e+00 7.330176e-11
2.074900e+00 7.418846e-11
2.075000e+00 7.508469e-11
2.075100e+00 7.599052e-11
2.075200e+00 7.690606e-11
2.075300e+00 7.783139e-11
2.075400e+00 7.876660e-11
2.075500e+00 7.971179e-11
2.075600e+00 8.066705e-11
2.075700e+00 8.163247e-11
2.075800e+00 8.260814e-11
2.075900e+00 8.359417e-11
2.076000e+00 8.459064e-11
2.076100e+00 8.559766e-11
2.076200e+00 8.661533e-11
2.076300e+00 8.764373e-11
2.076400e+00 8.868297e-11
2.076500e+00 8.973315e-11
2.076600e+00 9.079437e-11
2.076700e+00 9.186673e-11
2.076800e+00 9.295034e-11
2.076900e+00 9.404529e-11
2.077000e+00 9.515169e-11
2.077100e+00 9.626965e-11
2.077200e+00 9.739927e-11
2.077300e+00 9.854066e-11
2.077400e+00 9.969391e-11
2.077500e+00 1.008592e-10
2.077600e+00 1.020365e-10
2.077700e+00 1.032260e-10
2.077800e+00 1.044279e-10
2.077900e+00 1.056421e-10
2.078000e+00 1.068689e-10
2.078100e+00 1.081084e-10
2.078200e+00 1.093606e-10
2.078300e+00 1.106257e-10
2.078400e+00 1.119037e-10
2.078500e+00 1.131949e-10
2.078600e+00 1.144993e-10
2.078700e+00 1.158171e-10
2.078800e+00 1.171483e-10
2.078900e+00 1.184931e-10
2.079000e+00 1.198516e-10
2.079100e+00 1.212239e-10
2.079200e+00 1.226102e-10
2.079300e+00 1.240106e-10
2.079400e+00 1.254251e-10
2.079500e+00 1.268540e-10
2.079600e+00 1.282973e-10
2.079700e+00 1.297552e-10
2.079800e+00 1.312279e-10
2.079900e+00 1.327153e-10
